R_AtSha16G	R_AtSha17G	R_AtSha18G	AtSha3G	Bulk1G	Bulk2G	Bulk3G	Bulk16G	Bulk17G	Bulk18G	AtLer17G	AtLer18G	AtSha16G	AtLer16G	AtSha17G	AtSha18G	AtLer4G	AtLer5G	AtLer6G	Bulk4G	Bulk5G	Bulk6G	R_AtLer5G	R_AtLer6G	AtLer34G	AtLer36G	AtSha34G	AtSha36G	R_AtLer34G	R_AtLer35G
OTU9	1185	2482	676	0	41	7	14	9	41	35	42	0	116	104	203	19	49	25	13	18	38	61	247	129	344	11	433	135	198	139
OTU641	2	0	0	0	7	0	8	0	2	3	0	0	0	0	0	0	0	0	0	2	11	1	0	0	0	0	0	1	2	4
OTU34	0	0	2	62	1	0	0	10	0	5	114	154	126	222	393	67	37	13	337	0	2	0	1	1	27	80	43	65	0	2
OTU354	0	0	0	2	0	9	0	11	4	1	6	4	3	8	2	11	0	0	0	1	5	1	0	1	0	0	1	0	0	0
OTU25	78	97	38	3	738	98	689	23	169	162	21	10	0	36	0	9	1	0	1	88	48	60	63	43	0	0	8	20	102	129
OTU387	0	0	0	0	0	0	0	0	0	0	0	0	1	0	18	0	0	0	0	2	0	0	0	0	0	0	0	0	2	0
OTU273	23	0	0	0	1	0	0	0	1	1	0	0	0	4	17	0	0	0	0	1	4	1	0	0	0	0	0	0	0	0
OTU927	6	8	9	2	61	19	53	0	3	15	13	16	0	10	30	0	4	0	0	25	31	11	2	3	58	0	16	1	31	63
OTU619	1	0	5	0	0	0	0	0	0	1	0	0	0	1	3	0	0	0	0	0	0	0	0	0	0	0	1	0	4	2
OTU67	7	16	7	0	105	19	116	1	17	24	0	0	0	37	0	21	0	0	0	3	8	4	0	2	0	0	0	0	1	9
OTU850	0	0	1	0	0	0	0	17	2	4	0	0	2	1	57	0	0	0	0	1	0	1	0	1	0	0	0	0	1	0
OTU918	0	0	0	0	0	2	0	0	0	0	2	0	0	0	1	10	0	0	0	5	0	0	0	0	0	0	0	0	0	0
OTU233	0	0	0	5	0	19	0	0	0	0	4	7	3	0	0	53	0	0	0	3	1	0	1	1	0	0	0	0	0	0
OTU161	6	5	5	0	26	8	30	0	3	3	0	0	0	0	0	0	0	0	0	0	0	0	0	0	0	0	0	0	1	0
OTU1	0	0	0	95	0	0	1	5	1	1	61	76	185	137	296	65	516	1750	6205	0	2	0	0	15	2303	1378	502	384	29	1
OTU17	90	68	14	20	27	3	29	14	39	113	16	0	79	36	123	16	191	86	54	146	85	130	61	48	291	3	141	44	99	126
OTU276	3	1	0	0	0	0	7	0	0	0	0	0	21	17	0	2	0	0	0	1	0	0	0	0	0	0	0	0	0	1
OTU191	0	0	17	0	0	87	1	0	10	7	12	4	0	0	2	15	0	0	0	13	21	1	0	0	0	0	0	4	0	1
OTU186	0	0	0	3	0	0	0	0	1	0	13	0	43	3	0	3	0	0	0	0	0	0	0	0	0	0	1	0	1	0
OTU7	96	72	13	0	4	0	3	4	16	45	28	37	56	171	5544	0	21	276	7	89	56	53	144	35	14	2	14	0	4	19
OTU190	0	0	6	6	1	53	0	1	0	1	20	37	10	1	13	130	0	0	0	10	12	3	0	2	6	0	1	0	0	1
OTU15	552	255	102	0	172	14	101	5	69	72	45	32	124	41	57	18	39	16	12	526	283	249	186	169	2	1	129	28	343	479
OTU244	0	0	10	0	0	8	0	0	0	0	2	1	0	0	6	7	0	0	0	0	4	0	0	0	0	0	0	0	0	2
OTU141	7	2	0	0	0	0	0	0	0	1	0	1	25	2	7	76	3	0	8	0	2	0	1	17	39	5	4	5	2	1
OTU163	0	0	0	0	0	4	1	0	0	0	17	16	0	0	17	0	0	0	0	4	12	0	0	0	0	0	1	0	0	0
OTU225	0	0	0	2	0	6	0	0	0	1	6	38	0	0	5	39	0	0	0	8	5	1	0	0	0	0	0	0	0	0
OTU131	0	0	0	3	0	2	0	10	1	16	12	29	99	36	108	11	0	0	9	2	0	0	0	1	0	3	1	5	13	0
OTU4	0	0	0	1323	0	3	0	0	1	1	1123	2458	1118	262	838	6618	37	6	7	7	5	0	0	0	34	1	40	45	0	0
OTU105	1	0	0	0	37	5	17	0	9	6	0	0	0	0	0	0	0	0	0	0	2	4	1	1	0	0	13	0	39	48
OTU854	79	55	36	0	35	2	24	1	25	34	4	2	40	2	2	5	6	4	0	43	30	23	19	20	0	0	4	0	57	47
OTU457	0	0	7	0	1	24	0	0	0	0	0	2	0	0	2	2	0	0	0	5	12	0	0	1	0	0	0	0	0	0
OTU1072	1	0	0	0	28	6	39	1	5	15	0	0	0	0	0	0	0	0	0	6	3	1	0	5	0	0	0	0	7	8
OTU307	2	0	1	0	1	1	2	13	7	4	0	0	0	0	33	0	6	0	1	6	3	3	1	1	0	0	9	0	0	2
OTU405	0	0	0	3	1	0	1	25	2	2	2	1	19	2	29	3	0	0	3	2	4	1	0	0	0	0	0	5	0	0
OTU1421	0	0	0	0	1	29	0	3	1	0	1	12	0	3	0	9	0	0	0	8	4	2	0	0	0	0	0	0	0	0
OTU294	0	0	2	0	1	22	0	0	1	0	4	11	0	0	0	9	0	0	0	16	20	1	1	0	0	0	2	3	0	0
OTU1094	0	0	0	0	0	0	0	2	0	0	0	0	0	0	3	1	0	0	0	0	0	0	0	0	0	1	0	0	0	0
OTU237	1	2	0	0	4	1	0	43	4	4	0	0	0	0	84	0	6	0	4	4	3	1	0	3	0	0	0	10	1	3
OTU491	0	0	0	0	1	1	1	14	0	3	0	0	0	0	1	0	0	0	0	1	0	2	0	0	0	3	0	0	0	0
OTU139	0	0	0	7	3	23	0	1	0	0	47	17	4	1	0	54	0	0	2	2	2	0	0	0	0	0	0	0	0	0
OTU959	0	0	0	0	0	2	0	4	1	0	0	0	0	0	0	0	0	0	0	0	0	0	0	0	0	0	0	0	0	0
OTU1433	0	0	2	0	0	0	0	0	0	0	1	0	1	0	0	0	1	0	0	0	0	0	0	0	0	0	0	0	0	0
OTU714	0	0	0	0	0	0	0	0	0	0	0	0	0	0	0	0	1	0	4	0	0	0	0	0	0	0	0	3	0	0
OTU338	0	0	0	1	1	1	0	10	0	5	0	3	0	0	7	1	0	0	0	2	0	1	0	4	0	1	0	0	0	0
OTU118	0	0	0	0	2	5	0	0	0	0	50	23	11	6	13	91	0	0	0	0	0	0	0	0	0	0	0	0	0	0
OTU90	0	0	0	61	0	35	0	0	0	2	100	76	52	11	13	204	0	0	0	1	0	0	0	0	4	0	7	6	0	0
OTU5	0	0	1	594	0	3	0	1	4	1	1477	3482	1081	400	1324	6235	68	48	22	3	8	1	0	1	520	17	215	46	1	1
OTU426	0	1	0	0	0	0	2	15	1	2	5	8	23	11	54	5	4	9	11	6	0	2	1	4	1	1	2	0	2	0
OTU70	25	29	8	0	154	36	130	9	36	59	0	0	0	13	0	1	0	0	0	1	8	2	1	0	0	0	0	0	2	1
OTU115	6	1	2	0	1	0	0	130	7	8	0	0	0	3	79	0	1	0	3	8	7	6	1	7	0	0	0	0	7	1
OTU513	1	0	0	16	0	0	0	3	0	1	56	20	106	190	131	18	28	20	520	1	0	0	0	8	165	48	4	41	5	0
OTU26	49	57	25	1	27	6	20	7	60	46	4	46	53	5	65	8	60	57	23	41	39	23	115	116	155	1	61	2	72	65
OTU83	10	11	1	0	29	2	10	6	21	34	0	0	0	0	0	0	0	0	0	48	43	48	13	7	0	0	0	0	5	11
OTU198	1	0	2	0	1	0	2	40	2	5	0	0	4	1	43	1	1	0	1	7	6	4	1	4	0	2	0	0	1	1
OTU731	3	0	0	0	0	0	0	0	0	0	1	0	4	0	1	0	0	0	0	0	0	0	0	0	0	0	0	0	0	0
OTU245	1	1	0	0	0	0	0	0	0	0	0	1	3	6	16	1	0	0	0	0	0	0	0	0	0	0	0	0	0	0
OTU1189	2	0	0	0	0	0	0	0	0	0	0	0	0	0	0	0	0	0	0	0	0	0	0	0	0	0	0	0	0	1
OTU719	1	0	0	0	0	0	0	1	0	1	0	4	0	0	0	0	0	0	0	1	0	0	0	0	0	0	0	1	0	0
OTU48	3	2	0	0	4	0	3	0	1	0	0	0	2	0	0	0	6	44	2	162	79	73	93	74	5	0	22	0	22	23
OTU516	2	0	0	0	0	0	0	0	0	0	0	0	0	0	10	2	0	0	0	0	0	0	0	0	0	0	0	0	0	0
OTU33	2	0	0	0	337	31	251	26	186	60	0	0	8	0	0	0	0	0	0	36	35	92	7	1	0	0	11	8	13	11
OTU261	1	0	1	0	1	2	1	22	1	1	0	0	1	0	0	0	0	0	0	1	2	2	0	0	0	0	0	0	6	0
OTU602	1	0	0	1	0	0	0	0	0	0	0	2	0	0	0	2	0	0	1	0	0	0	0	0	0	3	0	0	0	0
OTU386	1	0	1	0	3	0	1	11	0	0	0	0	0	0	0	0	0	0	0	0	0	0	0	1	0	0	0	0	0	0
OTU314	1	0	0	0	0	0	0	0	0	0	9	0	8	1	6	5	0	0	0	0	0	0	0	0	0	0	1	0	0	0
OTU24	2	0	4	69	9	12	28	15	0	1	29	69	275	198	259	84	24	35	365	4	0	0	1	6	146	17	142	13	5	0
OTU1215	1	0	0	0	0	0	0	0	0	0	0	0	0	0	0	0	0	0	0	0	0	0	0	0	2	0	0	0	0	0
OTU358	1	2	0	0	4	0	3	0	2	0	0	0	0	22	0	0	0	0	0	0	0	0	0	0	0	0	1	0	0	3
OTU150	4	4	2	1	3	0	2	1	4	11	0	0	0	2	36	0	0	5	1	4	3	5	1	2	9	0	18	0	0	12
OTU614	1	0	0	0	0	6	0	2	1	1	0	0	0	0	0	0	0	0	0	0	0	0	0	0	0	0	0	0	0	0
OTU442	1	0	0	1	0	0	0	0	0	0	0	1	9	8	12	3	0	0	0	0	0	0	0	0	0	0	4	1	0	0
OTU50	2	0	0	5	0	0	0	0	0	0	52	241	52	42	65	375	1	1	0	0	0	0	0	0	0	2	0	0	0	0
OTU897	1	0	0	0	0	0	0	3	2	1	0	0	0	0	0	0	0	0	0	0	0	0	0	0	0	0	0	0	0	0
OTU113	6	11	0	2	5	3	2	0	5	4	0	0	0	0	0	16	12	0	3	53	16	28	2	0	0	0	0	0	0	2
OTU393	2	0	1	0	1	1	0	26	1	9	1	0	0	0	5	0	0	0	1	0	0	0	0	0	0	0	1	3	1	0
OTU1016	1	0	2	0	0	2	0	0	0	0	0	0	0	0	0	0	0	0	0	1	0	0	0	0	0	0	0	0	0	0
OTU234	1	3	1	0	2	2	3	31	3	38	3	1	5	5	16	0	8	0	0	7	3	8	1	2	2	0	2	3	4	10
OTU355	3	0	0	0	0	0	0	0	0	0	0	9	0	0	0	3	0	0	0	0	0	0	0	0	0	0	5	0	0	0
OTU297	1	0	0	0	0	0	0	0	0	0	0	0	0	1	21	0	0	0	0	0	0	0	0	0	0	0	0	0	0	0
OTU406	2	1	4	0	4	1	0	46	2	10	5	0	6	2	15	1	18	0	0	11	7	17	8	7	0	0	6	4	7	13
OTU435	1	0	0	0	0	1	0	16	1	2	0	2	0	0	14	0	0	1	0	0	1	0	0	1	0	0	0	0	0	0
OTU59	1	0	0	0	0	0	0	3	0	2	2	0	0	0	0	0	0	0	0	1	0	0	0	0	418	0	0	0	0	0
OTU352	1	0	4	0	1	28	0	1	2	4	1	4	0	0	3	5	0	0	0	19	19	7	0	5	0	0	0	0	0	0
OTU187	1	0	3	2	2	15	1	1	1	0	5	18	5	2	5	29	2	0	0	30	31	1	0	0	0	0	0	0	0	0
OTU443	1	0	0	0	0	3	0	2	0	0	1	4	1	0	1	3	0	0	0	1	2	0	1	0	0	0	0	0	2	0
OTU659	3	0	0	0	0	3	1	2	0	1	0	2	5	5	4	6	0	0	0	5	0	0	0	0	0	0	0	0	4	0
OTU173	1	0	1	2	1	0	1	14	1	4	0	0	9	2	106	4	1	0	8	2	3	0	1	4	0	1	3	7	0	1
OTU453	2	0	0	0	0	0	0	5	0	0	0	0	0	0	3	0	9	0	0	0	1	1	0	0	0	0	0	0	0	0
OTU1204	3	0	0	0	0	0	0	0	1	1	0	0	0	0	0	0	1	0	0	0	0	0	0	0	0	0	0	0	0	0
OTU526	1	0	0	0	1	0	1	2	0	0	0	0	0	0	0	1	1	2	0	5	1	2	8	0	0	0	0	0	0	1
OTU280	1	0	0	0	0	0	0	0	0	0	2	2	3	3	9	5	4	0	11	0	0	0	0	1	4	0	7	11	1	0
OTU577	3	0	0	0	6	0	4	0	0	3	0	0	0	0	0	0	0	0	0	1	1	0	0	0	0	0	0	0	0	0
OTU689	1	0	1	0	0	0	1	7	1	5	0	0	0	0	0	0	0	0	0	0	0	0	0	0	0	0	0	0	1	0
OTU362	1	0	0	0	0	0	0	21	0	4	0	0	0	0	7	0	0	0	1	1	0	0	1	1	0	0	1	1	0	0
OTU168	1	2	2	0	1	3	0	81	5	24	1	0	2	4	5	1	0	0	0	4	0	0	1	0	0	1	0	0	0	0
OTU1224	1	0	0	0	0	2	0	0	0	0	0	0	0	0	0	0	0	0	0	0	0	0	0	0	0	0	0	0	0	0
OTU23	1	0	0	0	0	0	0	0	0	0	0	0	0	0	1	0	28	17	1296	1	0	0	9	16	0	29	5	2	2	1
OTU468	1	0	0	0	0	0	0	0	0	0	0	0	0	0	0	0	0	0	0	0	0	0	1	1	0	0	8	0	0	0
OTU952	1	0	0	0	1	0	3	3	17	4	0	1	0	0	0	0	0	0	0	0	0	0	0	0	0	0	0	0	25	4
OTU197	1	2	2	0	0	0	0	2	0	2	4	2	42	12	10	19	0	0	1	0	0	0	0	0	0	0	0	0	0	0
OTU957	0	1	0	0	0	0	1	0	0	0	0	0	1	0	3	0	0	0	2	0	0	0	0	0	0	0	0	0	0	0
OTU95	0	1	2	0	2	0	3	0	0	0	45	0	10	6	1	0	0	0	1	1	2	0	2	5	0	0	245	0	2	1
OTU586	0	2	1	0	1	10	0	1	1	1	0	0	15	0	0	8	1	0	0	1	13	0	0	0	0	0	1	0	0	1
OTU1121	0	2	0	0	0	0	0	0	0	0	0	2	0	0	0	0	0	0	0	0	0	0	0	0	0	0	0	0	0	0
OTU1177	0	3	0	0	0	0	0	0	0	0	0	0	0	0	0	0	0	0	0	0	0	0	0	0	0	0	0	0	0	0
OTU818	0	1	1	0	0	0	0	5	1	1	0	0	0	1	6	0	1	0	1	0	0	0	0	0	0	0	0	0	1	0
OTU128	0	2	1	1	2	3	7	92	4	17	15	15	15	9	47	5	0	0	2	1	3	0	1	12	0	2	2	5	16	0
OTU445	0	1	3	0	0	4	0	0	0	1	0	0	0	0	0	0	0	0	0	0	0	0	0	0	1	0	0	0	0	0
OTU125	0	1	1	0	0	3	0	15	1	3	0	4	16	29	18	1	3	0	9	7	4	9	0	3	1	2	2	2	6	1
OTU720	0	4	0	0	0	0	0	0	0	0	0	0	0	0	2	0	0	0	0	0	0	0	0	0	0	0	0	0	0	0
OTU929	0	2	3	0	0	0	1	0	1	0	0	0	0	0	0	0	0	0	0	0	0	1	0	0	0	0	0	0	0	0
OTU68	0	1	0	33	0	0	0	4	2	3	102	86	182	77	284	47	20	42	191	2	1	1	0	4	82	146	31	56	3	1
OTU667	0	3	0	0	0	0	0	0	0	0	0	0	0	3	0	0	0	0	0	0	0	1	0	0	0	0	0	0	5	0
OTU718	0	1	0	0	0	2	0	0	1	0	1	0	0	0	1	5	0	0	0	0	1	0	0	0	0	0	0	0	0	0
OTU301	0	1	1	0	0	0	0	12	0	1	0	2	3	0	25	0	0	1	2	0	0	0	0	0	0	0	0	0	1	0
OTU642	0	2	3	0	0	1	1	0	0	0	1	5	1	0	4	0	0	0	0	0	1	5	1	0	0	0	0	0	1	1
OTU1012	0	1	4	0	0	1	0	0	0	0	0	0	0	0	0	0	0	0	0	1	0	0	0	0	0	0	0	0	0	2
OTU717	0	1	0	0	0	0	0	0	0	1	0	0	0	0	1	0	0	0	0	0	0	1	0	1	0	0	0	0	2	0
OTU601	0	2	0	0	0	0	0	1	0	0	0	0	0	0	11	0	0	0	0	0	0	0	0	0	0	1	0	0	0	0
OTU116	0	1	0	0	1	3	6	0	0	0	0	0	0	0	0	0	0	0	0	0	0	2	0	1	104	0	0	0	1	1
OTU1272	0	1	1	0	0	0	0	0	0	0	0	0	0	0	0	1	0	0	0	0	0	0	0	0	0	0	0	0	0	0
OTU180	0	1	2	1	3	0	1	109	8	18	0	0	5	5	25	1	10	0	2	1	5	0	2	3	0	0	2	0	3	1
OTU653	0	0	5	0	0	0	0	0	0	0	0	0	0	0	0	0	0	0	0	0	0	0	0	0	0	0	0	0	0	0
OTU768	0	0	4	0	0	2	1	0	0	1	0	0	0	0	0	2	0	0	0	2	1	0	0	0	0	0	0	0	0	0
OTU345	0	0	6	0	0	4	6	5	3	0	6	2	3	8	18	2	0	0	0	1	1	0	0	0	0	0	1	0	4	0
OTU676	0	0	1	0	0	0	0	0	0	0	1	0	0	0	6	0	0	0	0	0	0	0	0	0	0	0	0	0	0	0
OTU684	0	0	1	0	0	1	0	0	0	0	0	0	0	0	0	1	0	0	0	3	2	0	0	0	0	0	0	0	0	0
OTU28	0	0	19	288	0	0	0	1	0	0	130	681	89	30	128	464	21	15	2	0	0	0	0	0	33	1	32	24	0	0
OTU490	0	0	3	0	0	4	0	0	0	0	6	0	0	2	0	4	0	0	0	2	7	0	0	0	2	0	0	0	0	0
OTU288	0	0	2	0	0	0	0	16	0	6	0	0	1	2	0	1	0	0	0	1	0	0	0	0	0	0	0	0	4	0
OTU740	0	0	1	45	0	3	0	0	0	0	22	124	41	3	26	120	1	0	0	0	4	0	0	0	0	0	5	0	4	0
OTU1021	0	0	3	0	0	2	0	0	0	0	0	0	0	0	0	0	0	0	0	0	0	0	0	0	0	0	0	0	0	0
OTU925	0	0	2	0	0	0	0	1	0	0	0	0	0	0	0	0	0	0	0	0	0	0	1	0	0	0	0	0	1	0
OTU279	0	0	9	16	0	0	0	0	0	0	291	911	206	220	515	3312	5	0	1	0	0	0	0	1	281	0	66	7	0	2
OTU218	0	0	1	0	0	0	0	0	0	0	4	9	29	25	84	0	0	1	4	0	0	0	0	0	1	0	5	0	0	0
OTU391	0	0	1	0	0	0	0	0	0	0	0	0	14	1	1	0	3	13	3	0	0	0	0	0	0	0	0	0	0	0
OTU988	0	0	3	0	0	0	0	0	0	0	0	0	0	0	0	0	0	0	0	0	0	0	0	0	0	0	0	0	0	0
OTU221	0	0	2	0	1	0	3	14	0	5	1	0	0	0	50	0	1	0	1	2	0	8	0	0	0	0	0	6	1	4
OTU337	0	0	1	0	2	0	0	10	2	2	2	0	0	0	66	0	0	0	1	2	3	0	1	2	0	0	0	0	1	0
OTU447	0	0	2	0	0	0	0	0	0	0	1	0	0	0	0	0	2	6	0	0	0	0	0	0	3	0	0	0	0	3
OTU367	0	0	4	0	0	1	0	0	2	4	2	5	0	0	1	21	0	0	0	0	2	0	0	0	0	0	0	0	0	0
OTU1228	0	0	2	0	0	0	0	0	0	0	0	0	0	0	0	0	0	0	0	0	0	0	0	0	0	0	0	0	0	0
OTU112	0	0	1	5	4	3	2	40	8	13	2	4	34	14	104	4	1	7	3	6	1	5	1	5	0	1	0	0	8	0
OTU533	0	0	1	0	0	0	0	21	0	13	0	0	9	1	25	0	0	0	0	0	0	0	0	0	0	0	0	0	0	0
OTU36	0	0	1	8	0	0	0	1	0	0	40	39	177	137	284	54	33	9	141	2	0	0	0	8	26	22	28	13	2	0
OTU76	0	0	1	20	0	0	1	7	1	1	33	47	224	333	226	72	47	42	226	0	2	0	1	5	15	32	38	11	10	0
OTU157	0	0	1	0	0	0	1	1	0	1	1	2	31	2	50	5	3	2	11	0	0	0	0	0	12	3	9	17	0	0
OTU1173	0	0	1	0	0	2	0	0	0	0	0	0	0	0	0	0	0	0	0	2	0	0	0	0	0	0	0	0	0	0
OTU721	0	0	1	0	1	0	0	1	0	5	0	0	0	1	0	0	0	0	0	0	0	0	0	0	0	0	0	0	0	1
OTU1027	0	0	1	0	0	0	0	3	0	1	0	0	0	0	0	0	0	0	0	0	0	0	0	1	0	0	0	0	0	0
OTU675	0	0	2	1	0	0	0	0	0	0	0	4	2	0	0	9	11	2	0	0	1	0	0	0	0	0	2	0	0	0
OTU944	0	0	1	0	0	1	0	0	0	0	1	5	0	0	0	0	0	0	0	4	0	0	0	0	0	0	0	0	0	0
OTU248	0	0	1	0	0	9	0	0	0	1	35	23	2	8	14	55	1	0	0	0	1	0	0	2	0	1	0	2	0	0
OTU1264	0	0	3	0	0	4	0	0	0	0	0	0	0	0	0	0	0	0	0	1	0	1	0	0	0	0	0	0	0	0
OTU871	0	0	1	0	0	0	0	0	0	0	0	2	0	0	0	4	3	0	0	0	1	0	0	0	0	0	0	0	0	0
OTU1031	0	0	2	0	0	0	0	0	0	0	0	0	0	0	0	0	0	0	0	0	0	0	0	0	0	0	0	0	0	0
OTU928	0	0	3	0	0	0	0	0	0	0	0	0	0	0	0	0	0	0	0	0	0	0	0	0	0	0	0	0	0	0
OTU1183	0	0	2	0	0	0	0	0	0	0	0	0	0	0	0	0	0	0	0	0	0	0	0	0	0	0	0	0	0	0
OTU608	0	0	1	0	0	3	2	0	0	0	0	0	0	0	2	2	0	0	0	0	0	0	1	0	0	0	0	1	1	0
OTU415	0	0	2	0	0	0	2	15	1	5	0	0	0	0	10	0	0	1	0	0	3	4	0	0	10	0	0	0	0	0
OTU724	0	0	1	0	1	0	1	4	0	1	1	0	0	1	12	0	0	0	1	0	0	0	0	0	0	0	0	0	0	0
OTU487	0	0	2	0	0	4	0	0	1	3	5	1	0	3	0	7	1	0	0	2	8	0	0	0	5	0	1	0	0	0
OTU961	0	0	1	0	0	0	0	0	0	0	0	0	0	0	0	0	0	5	0	0	0	0	0	0	0	0	0	0	0	0
OTU648	0	0	1	0	0	1	0	1	1	0	0	0	0	0	0	0	0	0	0	2	0	0	0	0	0	0	0	0	0	0
OTU296	0	0	1	0	0	1	0	12	4	2	0	0	0	0	8	0	3	1	2	0	0	0	0	0	0	0	0	0	1	0
OTU20	0	0	2	71	0	0	1	4	0	0	120	182	719	392	590	126	34	17	130	0	0	0	2	2	136	54	32	4	7	1
OTU439	0	0	1	0	0	1	0	0	0	0	0	0	0	0	0	0	0	0	0	9	0	0	0	0	0	0	0	0	0	0
OTU350	0	0	1	1	0	0	1	3	0	1	5	3	15	26	69	3	4	7	10	0	1	1	0	0	2	9	2	4	0	0
OTU1278	0	0	1	0	0	0	0	0	0	0	0	2	0	0	2	0	0	0	0	0	0	0	0	0	0	0	0	0	0	0
OTU1069	0	0	1	1	0	0	0	2	0	0	15	15	92	24	23	33	0	0	28	0	2	0	0	1	5	4	2	0	0	0
OTU182	0	0	1	4	0	2	2	4	2	4	0	1	12	1	22	2	2	1	5	6	0	0	0	4	0	0	0	1	0	0
OTU1212	0	0	1	0	0	0	2	3	0	0	0	0	0	0	0	0	0	0	0	1	0	0	0	0	0	0	0	1	0	0
OTU136	0	0	1	1	0	10	0	0	0	0	9	37	3	12	6	58	0	0	0	0	2	0	0	0	26	0	7	13	0	1
OTU206	0	0	1	0	0	0	0	0	0	0	0	0	0	0	2	0	0	0	0	0	0	0	0	0	0	0	0	0	32	0
OTU658	0	0	1	0	0	0	0	0	0	0	0	0	0	0	0	0	0	0	5	0	0	0	0	0	0	0	0	0	0	0
OTU1426	0	0	1	0	0	0	0	0	0	0	1	0	7	2	1	0	1	0	8	0	0	0	0	2	0	6	6	0	1	0
OTU384	0	0	1	0	0	0	0	7	3	2	0	0	0	0	1	0	0	0	0	0	0	0	0	0	0	0	0	0	0	0
OTU922	0	0	1	9	0	0	0	0	0	0	1	0	15	12	17	2	0	0	8	0	0	0	0	0	12	5	9	16	0	0
OTU708	0	0	1	0	0	0	0	0	0	0	1	2	9	4	4	1	0	0	0	0	0	0	0	0	0	0	0	0	0	0
OTU955	0	0	2	0	0	0	0	0	0	0	1	0	4	0	0	4	0	0	0	0	0	0	0	0	0	0	0	0	0	0
OTU1153	0	0	2	0	0	1	0	2	0	1	0	0	5	6	6	2	0	0	0	0	0	0	0	0	0	0	0	2	0	0
OTU686	0	0	1	0	0	2	0	0	0	0	1	7	0	0	0	0	0	0	0	3	1	0	0	0	0	0	0	0	0	0
OTU429	0	0	1	0	0	1	0	1	0	0	0	0	0	3	0	0	0	0	0	0	0	0	0	0	0	0	0	0	7	0
OTU101	0	0	1	0	0	0	0	0	0	1	3	0	270	5	18	3	1	43	3	0	0	0	3	0	0	0	0	5	0	0
OTU902	0	0	1	3	0	23	1	0	2	2	7	3	9	4	6	32	0	0	0	3	2	0	0	0	0	0	0	0	0	0
OTU870	0	0	1	0	0	0	0	2	0	2	0	0	0	0	3	0	0	0	1	0	0	1	0	0	0	0	0	0	0	0
OTU1164	0	0	1	0	1	0	0	8	0	1	0	0	0	0	1	0	0	0	0	0	0	0	0	0	0	0	0	0	0	0
OTU1145	0	0	1	1	0	0	0	2	0	0	0	0	0	1	2	0	0	0	0	0	0	0	0	0	0	0	0	0	0	0
OTU761	0	0	1	0	0	2	0	0	0	0	2	5	0	0	0	5	1	0	0	2	0	0	0	0	0	0	0	0	0	0
OTU64	0	0	1	12	0	0	1	7	1	1	166	82	123	143	275	35	24	66	671	0	0	0	0	10	62	81	27	37	2	0
OTU372	0	0	1	0	0	1	1	12	0	3	4	5	19	10	19	5	1	0	2	0	0	1	1	9	0	1	4	6	0	0
OTU441	0	0	1	0	0	0	0	0	0	0	4	8	2	2	3	42	0	0	0	0	1	0	0	0	0	0	0	0	0	0
OTU1110	0	0	1	0	0	0	0	0	0	0	0	0	0	0	0	0	0	0	0	0	0	0	0	0	0	0	0	0	0	0
OTU1206	0	0	1	1	0	13	0	0	0	1	5	11	1	0	4	10	0	0	0	3	2	0	0	0	1	0	0	0	0	0
OTU1339	0	0	1	0	0	0	0	2	0	0	0	0	0	0	4	0	0	0	0	1	0	0	0	0	0	0	0	0	1	0
OTU970	0	0	1	4	0	3	0	0	0	0	1	8	1	0	1	10	2	0	0	1	2	0	0	0	0	0	0	0	0	0
OTU996	0	0	1	0	0	0	0	0	0	0	1	0	0	0	6	2	1	0	0	0	0	0	0	0	0	0	2	0	0	0
OTU56	0	0	0	0	2	0	4	30	163	198	9	8	27	0	35	0	0	0	0	13	9	15	5	5	0	0	0	0	0	1
OTU40	0	0	0	19	0	0	0	2	0	4	91	43	261	157	245	32	5	4	39	1	1	0	0	2	16	14	10	8	5	0
OTU879	0	0	0	0	0	0	0	0	0	0	0	0	0	0	0	0	0	0	0	0	0	0	0	0	0	0	0	0	0	0
OTU376	0	0	0	0	0	0	0	1	0	0	1	0	5	2	0	4	0	0	10	0	0	0	0	0	0	0	12	0	0	0
OTU120	0	0	0	8	0	1	0	9	0	2	4	8	63	27	76	4	0	0	2	1	0	0	1	0	0	1	1	0	0	0
OTU1057	0	0	0	0	0	0	0	1	0	0	0	0	1	0	1	0	0	0	0	0	0	0	2	0	0	0	0	0	0	0
OTU1325	0	0	0	0	0	1	0	3	0	0	0	0	0	0	0	0	0	0	0	0	0	0	0	0	0	0	0	0	0	0
OTU409	0	0	0	0	0	0	0	2	3	8	0	0	0	0	0	0	0	0	0	0	0	0	0	0	0	3	0	0	0	0
OTU826	0	0	0	0	0	0	0	1	0	0	0	0	0	0	0	0	0	0	0	0	0	2	0	0	0	0	0	0	0	0
OTU488	0	0	0	0	1	0	0	2	3	1	0	0	19	0	36	2	202	0	14	12	23	20	6	41	0	0	0	9	6	7
OTU172	0	0	0	2	0	0	1	2	0	0	6	4	14	18	29	7	0	1	6	0	0	0	0	0	1	2	1	0	0	0
OTU267	0	0	0	0	5	0	1	1	0	3	0	21	0	0	0	0	0	0	0	0	2	1	0	0	0	0	0	0	0	2
OTU644	0	0	0	0	1	0	1	4	2	3	5	0	0	0	1	0	0	0	3	3	2	0	0	0	0	0	3	0	0	1
OTU638	0	0	0	2	0	0	0	0	4	2	0	0	0	0	0	0	0	0	0	0	0	0	0	0	0	0	0	0	0	0
OTU60	0	0	0	19	0	0	0	0	0	0	15	33	98	60	231	28	13	11	29	0	0	0	0	0	21	8	11	35	2	0
OTU232	0	0	0	1	0	0	0	2	0	0	21	5	60	52	71	24	1	1	8	0	0	0	1	0	0	12	15	17	1	0
OTU515	0	0	0	0	0	0	0	3	2	0	0	0	0	0	2	0	0	0	0	0	0	0	0	0	0	0	0	0	5	2
OTU1074	0	0	0	0	0	0	1	2	1	0	0	0	0	0	0	0	0	0	0	0	0	0	0	0	0	0	0	0	1	0
OTU866	0	0	0	1	0	0	0	4	0	1	1	0	16	30	15	0	0	0	0	0	2	0	1	1	0	0	2	0	2	1
OTU80	0	0	0	5	3	3	7	59	5	15	11	65	186	71	240	44	7	20	31	6	3	2	1	2	7	16	9	10	10	1
OTU185	0	0	0	0	0	0	0	0	0	0	2	5	6	24	5	6	0	24	0	0	0	1	0	0	12	0	1	6	0	1
OTU873	0	0	0	1	0	1	0	1	1	1	1	0	0	0	0	0	2	0	0	1	0	0	0	0	0	0	0	0	1	0
OTU201	0	0	0	0	0	8	0	0	1	1	17	21	0	0	1	17	0	0	0	7	13	1	1	0	0	0	0	0	1	0
OTU950	0	0	0	0	0	0	0	0	0	0	0	1	1	3	1	2	1	0	0	0	0	0	0	0	0	0	0	0	0	0
OTU450	0	0	0	0	0	0	0	0	0	1	1	6	3	0	1	3	0	0	0	1	2	0	0	0	0	0	0	0	0	0
OTU1068	0	0	0	0	0	0	0	0	0	0	0	0	0	0	0	0	0	0	0	0	0	2	0	0	0	0	0	0	0	0
OTU616	0	0	0	149	0	0	0	0	1	2	70	197	118	40	103	454	4	0	0	4	3	1	0	0	9	0	12	4	0	0
OTU420	0	0	0	0	1	0	1	0	0	0	0	2	0	8	0	0	0	0	0	0	1	1	0	0	0	0	5	3	0	3
OTU505	0	0	0	0	1	0	0	7	0	0	0	1	1	0	1	5	0	0	0	2	2	0	0	0	0	0	0	0	0	0
OTU379	0	0	0	0	0	1	0	1	0	0	4	4	2	1	0	9	0	1	0	2	3	0	0	0	0	0	0	0	0	2
OTU1226	0	0	0	0	0	0	0	0	0	0	0	0	0	0	0	0	0	0	0	0	0	0	0	0	0	0	0	0	0	0
OTU1351	0	0	0	0	0	0	0	1	1	0	0	3	10	12	3	0	0	0	0	0	0	0	0	0	4	0	0	0	0	0
OTU179	0	0	0	7	1	15	0	0	0	0	63	53	12	3	19	70	1	0	0	5	7	0	0	0	0	0	1	1	0	0
OTU862	0	0	0	0	0	0	0	0	0	1	0	0	0	0	0	0	0	0	0	0	3	0	0	0	0	0	0	1	1	0
OTU853	0	0	0	0	2	0	0	0	0	0	0	0	0	0	0	0	0	0	0	2	2	1	0	0	0	0	0	0	0	0
OTU103	0	0	0	3	0	5	0	0	0	0	24	38	16	1	2	107	0	0	0	1	4	0	0	0	0	0	12	0	0	0
OTU1380	0	0	0	2	0	0	0	0	0	0	9	17	32	25	48	10	22	19	40	1	0	0	0	0	0	3	2	4	0	0
OTU209	0	0	0	3	1	0	0	0	0	0	5	5	24	20	21	0	0	2	16	0	0	0	0	0	0	1	0	7	0	0
OTU210	0	0	0	7	0	0	0	2	0	1	0	0	7	0	25	4	0	0	2	1	0	0	0	0	0	0	10	37	0	0
OTU46	0	0	0	96	0	2	0	0	0	0	68	112	112	3	223	388	5	8	2	2	5	1	0	0	40	1	33	54	0	0
OTU298	0	0	0	6	0	1	0	4	0	0	50	4	149	43	88	43	0	36	12	0	0	1	0	0	8	3	0	3	0	2
OTU277	0	0	0	3	1	0	1	0	0	1	0	1	5	13	12	1	5	0	13	0	0	0	0	0	6	0	1	0	5	0
OTU1419	0	0	0	2	0	0	0	0	0	0	3	0	0	2	8	0	0	2	3	0	0	0	0	0	0	2	0	1	0	0
OTU282	0	0	0	1	0	12	0	0	0	0	5	8	0	2	5	11	0	0	0	1	2	1	0	0	0	0	0	0	0	0
OTU94	0	0	0	21	0	0	1	3	1	1	19	10	76	21	152	28	2	10	37	1	1	2	0	0	10	5	19	26	3	0
OTU954	0	0	0	1	0	0	0	0	0	0	3	0	7	3	0	1	0	0	0	0	0	0	0	0	0	0	0	0	0	0
OTU57	0	0	0	146	0	1	0	0	0	0	58	155	58	19	25	526	2	1	0	1	7	0	0	0	1	0	1	6	0	0
OTU662	0	0	0	13	0	1	0	2	0	1	5	7	66	28	54	8	8	1	18	0	1	0	0	0	1	7	6	8	2	0
OTU135	0	0	0	4	0	10	0	0	1	1	37	52	10	14	7	81	0	0	0	1	0	0	0	0	0	0	1	1	0	0
OTU419	0	0	0	1	0	0	0	1	1	0	0	4	1	0	18	1	0	1	2	0	0	0	0	0	1	0	8	2	0	0
OTU110	0	0	0	21	0	8	1	0	0	1	32	160	7	13	32	127	2	0	2	12	15	0	0	0	11	0	24	10	0	0
OTU368	0	0	0	3	0	0	0	0	0	0	1	11	11	2	8	2	1	0	1	1	0	0	0	0	0	0	2	15	0	0
OTU324	0	0	0	3	0	0	0	2	0	0	0	0	12	1	29	1	0	0	12	0	0	0	0	0	19	2	7	0	0	0
OTU1108	0	0	0	2	0	0	0	0	0	1	0	0	0	0	0	0	0	0	0	0	0	0	0	0	0	0	0	0	0	0
OTU29	0	0	0	141	0	1	0	0	0	0	187	534	159	13	63	925	11	24	4	3	1	0	0	0	5	0	13	3	0	0
OTU900	0	0	0	7	0	0	1	4	0	0	13	5	35	4	50	10	0	0	9	0	0	0	0	0	1	17	4	4	0	0
OTU89	0	0	0	6	0	0	0	8	1	3	3	10	111	52	136	17	7	4	23	0	0	0	0	0	27	7	17	15	3	0
OTU258	0	0	0	5	0	0	0	5	3	2	3	4	37	9	58	1	1	0	3	0	1	0	1	0	0	1	0	1	0	0
OTU256	0	0	0	1	0	2	0	17	4	3	0	1	9	2	14	5	0	0	0	1	5	4	1	0	0	0	0	2	1	0
OTU167	0	0	0	1	0	0	0	3	0	0	5	3	53	24	71	9	2	2	18	0	1	0	0	0	4	0	3	0	0	0
OTU434	0	0	0	1	0	1	0	3	1	1	0	0	5	0	22	0	0	0	0	0	0	0	0	0	0	0	9	1	0	0
OTU309	0	0	0	1	0	0	0	5	0	0	0	0	6	0	17	0	0	0	0	0	0	0	0	0	0	0	0	3	0	0
OTU238	0	0	0	4	0	0	0	2	0	0	5	4	28	19	35	9	0	3	17	0	0	0	0	0	0	4	4	4	0	0
OTU461	0	0	0	6	0	1	0	0	0	0	2	0	1	0	13	1	0	0	0	0	0	0	0	0	0	0	0	0	0	0
OTU557	0	0	0	6	0	0	0	0	0	0	0	0	0	0	0	0	0	0	0	0	0	0	0	0	0	0	0	0	0	0
OTU227	0	0	0	20	0	3	0	0	0	9	9	32	4	1	18	139	0	1	0	3	0	0	0	0	0	0	0	0	0	0
OTU205	0	0	0	1	0	1	3	11	0	4	3	8	6	12	46	3	0	0	0	0	0	0	0	1	2	1	2	2	3	0
OTU189	0	0	0	10	0	0	0	3	0	0	6	7	22	17	29	3	0	0	1	0	0	0	0	0	1	3	4	0	0	0
OTU250	0	0	0	5	0	0	0	1	0	0	10	4	22	70	58	3	7	7	20	0	2	0	0	0	3	2	24	3	0	0
OTU382	0	0	0	2	0	0	0	1	0	2	0	2	11	3	9	0	0	0	1	0	0	0	0	0	0	0	2	1	0	0
OTU831	0	0	0	18	0	0	0	0	0	1	9	70	33	7	27	143	1	0	0	0	2	0	0	0	4	0	8	1	1	0
OTU484	0	0	0	1	0	0	0	0	1	0	0	0	2	0	19	0	0	0	0	0	2	0	0	0	0	2	2	2	0	0
OTU383	0	0	0	4	0	2	0	0	0	1	1	7	2	0	4	24	0	0	0	3	4	0	0	0	0	0	0	0	1	0
OTU184	0	0	0	2	0	0	0	0	0	0	6	6	15	14	24	4	0	15	4	0	0	0	0	0	2	6	0	3	0	0
OTU815	0	0	0	4	0	0	0	2	0	0	0	0	0	26	9	5	0	5	2	0	0	1	1	0	3	1	2	3	0	0
OTU143	0	0	0	3	0	0	0	9	0	2	1	2	11	9	39	4	0	0	1	0	0	2	0	1	0	1	0	0	4	0
OTU1065	0	0	0	4	0	6	0	0	0	0	7	9	16	2	19	29	0	0	0	0	1	0	1	0	0	0	0	0	0	0
OTU556	0	0	0	1	0	0	0	0	0	1	0	0	1	1	10	0	0	0	0	0	0	0	0	0	0	0	0	0	0	0
OTU1279	0	0	0	4	0	3	0	0	0	0	1	0	0	0	0	8	0	0	0	0	4	0	0	0	0	0	0	0	0	0
OTU71	0	0	0	6	0	0	0	3	0	1	16	23	90	35	134	7	0	0	13	0	0	0	0	1	11	1	14	3	52	0
OTU155	0	0	0	6	1	0	0	3	0	0	1	1	53	29	58	12	3	0	3	2	1	0	0	0	0	6	1	2	2	0
OTU1439	0	0	0	1	0	1	0	0	0	1	0	2	0	0	0	0	0	0	0	0	0	0	0	1	0	0	0	0	0	0
OTU375	0	0	0	4	0	2	0	0	0	0	6	17	1	0	0	9	0	0	0	1	0	0	0	0	0	0	3	0	0	0
OTU1270	0	0	0	2	0	0	0	0	0	0	0	1	1	0	0	4	0	0	0	0	0	0	0	0	0	0	3	0	0	0
OTU674	0	0	0	1	0	1	0	0	0	0	5	2	0	0	0	3	0	0	0	1	2	0	0	0	0	0	0	0	0	0
OTU365	0	0	0	3	0	1	0	0	0	0	10	15	7	2	2	30	0	0	0	1	5	0	0	0	0	0	6	0	0	0
OTU649	0	0	0	4	0	0	0	0	0	0	1	4	0	0	2	1	0	0	0	0	0	0	0	0	0	0	0	4	0	0
OTU795	0	0	0	1	0	3	0	0	0	1	4	0	0	1	0	4	0	0	0	0	1	0	0	0	0	0	0	0	0	0
OTU49	0	0	0	3	0	0	0	3	0	1	23	53	309	82	221	33	25	12	129	0	1	0	2	0	27	60	35	26	1	0
OTU1327	0	0	0	3	0	0	0	0	0	0	0	0	1	2	1	1	0	0	63	0	0	0	0	0	7	11	1	0	0	0
OTU228	0	0	0	1	1	0	0	0	0	0	0	6	34	1	7	0	0	0	0	0	0	0	0	0	0	0	1	3	0	0
OTU253	0	0	0	3	3	8	0	0	0	1	9	27	1	0	1	32	2	0	0	5	4	1	0	0	0	0	0	0	0	0
OTU1250	0	0	0	2	0	1	0	0	0	0	5	8	2	4	12	94	0	0	0	0	0	0	0	0	0	0	2	0	0	0
OTU541	0	0	0	3	0	10	0	0	0	0	17	6	4	1	2	38	2	0	0	0	0	0	0	0	0	0	4	4	0	0
OTU223	0	0	0	1	0	0	2	0	0	0	0	1	15	29	27	5	1	18	25	0	0	0	0	0	51	1	6	0	0	0
OTU85	0	0	0	2	0	0	0	6	0	0	1	31	35	46	96	26	0	0	3	0	0	0	0	0	2	7	25	16	1	4
OTU1146	0	0	0	2	0	0	0	0	0	0	0	0	0	0	0	1	1	0	0	0	0	0	0	0	0	0	0	0	0	0
OTU576	0	0	0	1	0	0	0	4	0	2	0	0	12	5	13	0	0	0	0	0	0	0	0	0	0	0	0	0	1	0
OTU654	0	0	0	1	2	1	0	3	0	0	0	0	2	1	0	1	0	0	0	2	0	1	0	0	0	0	0	0	0	0
OTU1000	0	0	0	2	0	0	0	0	0	0	9	1	3	16	13	0	0	0	1	0	0	0	0	0	0	0	0	0	0	0
OTU293	0	0	0	1	0	0	0	1	0	0	0	0	5	1	9	1	1	0	4	0	0	0	0	0	0	0	0	6	0	0
OTU544	0	0	0	1	0	0	0	0	0	0	0	0	10	10	4	1	0	0	0	0	0	0	0	0	0	0	2	0	0	0
OTU564	0	0	0	1	0	0	0	2	0	0	0	0	1	0	0	0	0	0	0	0	0	0	0	0	0	0	0	0	0	0
OTU317	0	0	0	4	1	15	1	1	0	1	15	12	4	2	12	23	0	0	0	1	3	0	0	0	1	0	3	1	0	0
OTU196	0	0	0	1	0	0	0	0	0	0	0	10	23	0	8	0	6	18	13	0	0	0	0	0	0	0	1	8	0	0
OTU432	0	0	0	2	0	0	0	3	0	0	0	1	5	0	3	0	0	0	0	0	0	0	0	0	1	0	0	0	0	0
OTU578	0	0	0	2	1	0	1	0	0	0	0	0	2	1	0	0	3	0	4	0	0	0	0	1	0	0	0	0	0	1
OTU108	0	0	0	1	0	0	0	0	1	1	21	55	22	0	17	118	0	0	0	0	0	0	0	0	0	0	0	0	0	0
OTU178	0	0	0	4	0	0	1	3	0	2	6	2	21	3	77	10	0	2	2	0	0	0	0	0	0	7	26	54	0	0
OTU878	0	0	0	1	0	0	0	0	0	1	0	1	0	0	2	3	0	0	0	0	0	0	0	0	0	0	0	0	0	0
OTU117	0	0	0	5	0	2	0	0	3	4	28	100	3	9	21	69	0	0	0	0	0	0	0	0	0	0	0	0	0	0
OTU299	0	0	0	1	0	0	0	4	0	0	0	0	2	2	24	0	0	0	1	0	0	1	0	0	0	0	0	2	1	0
OTU249	0	0	0	3	1	0	2	23	6	1	0	0	0	0	1	0	0	0	0	0	1	0	0	1	0	0	0	0	1	0
OTU292	0	0	0	1	0	1	0	0	1	0	7	13	0	0	0	26	0	0	0	0	0	0	0	0	0	0	18	0	0	0
OTU479	0	0	0	1	0	1	1	9	0	0	0	0	0	3	1	2	0	0	0	0	0	11	0	2	0	0	4	0	2	0
OTU162	0	0	0	3	0	0	0	0	0	0	0	64	17	8	1	38	0	3	0	1	2	1	0	0	0	0	2	0	0	0
OTU498	0	0	0	1	1	3	1	14	2	6	0	0	0	1	0	0	0	0	0	1	2	0	0	0	0	0	0	0	0	0
OTU1263	0	0	0	1	0	0	0	0	0	0	1	2	0	0	0	0	0	0	0	0	0	0	0	0	0	0	0	0	0	0
OTU1281	0	0	0	2	1	0	0	0	0	0	0	0	0	0	0	0	0	0	0	0	0	0	0	0	0	0	0	0	0	0
OTU336	0	0	0	3	0	6	0	0	1	0	0	3	0	0	6	11	0	0	0	4	2	1	0	0	0	0	0	0	0	0
OTU344	0	0	0	3	0	0	0	0	0	0	0	1	2	0	14	24	0	0	0	0	0	0	0	0	5	0	4	1	0	0
OTU829	0	0	0	1	0	3	0	0	0	0	2	9	1	1	1	21	0	0	0	1	0	0	0	0	0	0	1	0	0	0
OTU1020	0	0	0	1	0	0	0	0	0	1	0	0	2	6	5	0	0	0	0	0	1	2	0	0	0	0	0	0	1	0
OTU333	0	0	0	2	0	0	0	0	0	0	0	1	10	3	21	1	0	0	0	0	0	0	0	0	0	0	10	11	0	0
OTU785	0	0	0	1	0	0	0	0	0	0	0	5	0	0	0	0	2	0	0	1	2	0	0	0	0	0	0	0	0	0
OTU87	0	0	0	4	0	0	0	5	0	1	20	12	80	58	101	17	2	0	24	0	0	0	0	0	6	5	7	5	0	0
OTU175	0	0	0	1	0	0	1	6	0	1	15	2	28	31	18	2	0	0	0	0	0	0	0	0	1	1	0	3	2	0
OTU176	0	0	0	4	0	3	0	0	0	0	19	46	3	1	11	61	0	0	0	1	3	0	0	0	0	0	7	0	0	0
OTU146	0	0	0	1	0	1	0	0	0	0	2	5	37	17	29	1	0	0	0	0	0	0	0	1	1	0	0	0	0	0
OTU518	0	0	0	1	0	0	0	0	0	0	5	4	25	18	14	3	1	1	4	0	0	0	0	0	0	0	22	0	0	0
OTU633	0	0	0	2	0	0	0	0	0	0	0	0	0	0	0	4	0	0	3	1	0	1	0	1	0	0	0	0	1	0
OTU290	0	0	0	1	0	1	3	0	0	0	0	3	0	10	4	0	1	2	3	0	0	0	0	0	10	1	5	0	0	0
OTU1349	0	0	0	2	0	0	1	7	0	1	1	8	39	10	102	12	4	0	8	0	1	0	1	0	1	4	3	21	0	0
OTU315	0	0	0	1	0	0	1	5	0	2	1	8	11	6	55	2	0	1	5	0	0	0	0	1	2	0	1	0	1	0
OTU808	0	0	0	1	0	0	0	2	0	0	9	8	36	22	35	6	36	22	112	0	0	0	0	3	4	8	6	1	0	0
OTU543	0	0	0	1	0	0	0	0	0	2	3	4	1	0	0	2	0	0	0	1	1	0	0	0	0	0	0	0	0	0
OTU600	0	0	0	1	0	0	0	0	0	0	1	0	1	0	0	0	0	0	0	0	2	0	0	0	0	0	8	0	0	0
OTU430	0	0	0	1	0	0	0	13	1	1	2	0	2	0	18	6	0	0	0	0	0	0	1	0	0	0	0	0	0	0
OTU497	0	0	0	1	0	0	0	0	0	0	0	1	10	4	9	1	0	0	0	0	0	0	0	0	0	0	0	0	0	0
OTU305	0	0	0	1	1	1	0	0	0	0	0	5	6	1	5	29	0	0	0	0	2	0	0	0	0	0	0	0	0	0
OTU1046	0	0	0	1	0	0	0	13	1	1	0	0	0	0	3	0	0	0	0	0	0	0	0	1	0	0	0	0	0	0
OTU1096	0	0	0	0	1	1	0	0	0	1	0	1	0	0	0	0	0	0	0	0	1	1	0	0	0	0	0	0	0	0
OTU832	0	0	0	0	1	0	0	1	0	0	0	0	0	4	0	0	0	0	0	0	0	0	0	0	0	1	0	0	0	0
OTU360	0	0	0	0	1	0	2	7	0	2	1	1	3	0	9	0	0	0	0	2	3	4	7	0	0	0	0	1	0	8
OTU385	0	0	0	0	1	14	0	0	2	0	4	5	8	0	2	6	0	0	0	4	4	0	0	0	0	0	0	0	0	0
OTU846	0	0	0	0	2	0	0	8	0	0	0	0	0	2	3	0	0	0	0	0	1	0	0	0	0	0	0	0	0	1
OTU833	0	0	0	0	1	0	0	5	0	0	1	0	0	0	4	0	0	0	0	0	0	1	0	0	0	0	0	0	0	0
OTU942	0	0	0	0	1	0	0	0	0	0	0	0	1	2	1	0	0	0	0	0	0	0	0	0	0	0	0	0	0	0
OTU825	0	0	0	0	1	0	0	3	0	0	0	0	0	4	2	1	0	0	0	0	0	0	0	0	0	0	0	0	0	0
OTU713	0	0	0	0	1	0	0	2	0	0	0	0	4	0	5	0	2	0	0	0	0	0	0	0	0	0	0	0	0	0
OTU325	0	0	0	0	1	0	0	4	0	4	0	0	2	0	19	0	0	0	0	0	0	0	1	0	0	0	1	0	0	0
OTU1367	0	0	0	0	1	0	0	0	0	9	0	0	0	0	1	0	0	0	0	0	1	0	0	1	0	0	0	0	2	0
OTU989	0	0	0	0	1	0	1	1	2	0	0	0	0	2	6	0	0	0	0	0	0	0	0	0	0	0	0	4	0	0
OTU1116	0	0	0	0	1	0	0	1	0	1	0	0	0	0	0	0	0	0	0	0	0	0	0	0	0	0	0	0	0	0
OTU699	0	0	0	0	1	0	4	14	0	7	0	0	0	0	0	0	0	0	0	3	0	0	1	0	0	0	0	0	0	0
OTU567	0	0	0	0	1	0	1	6	0	7	0	0	0	0	0	0	0	0	0	0	0	0	0	0	0	0	0	0	0	0
OTU1328	0	0	0	0	1	1	0	6	1	0	0	6	0	1	3	0	1	0	0	0	1	0	0	0	0	0	0	0	0	0
OTU485	0	0	0	0	2	0	0	10	0	3	0	0	0	0	1	0	0	0	0	0	0	0	0	2	0	0	0	0	0	0
OTU904	0	0	0	0	1	0	1	6	0	1	1	0	0	3	1	0	0	0	0	1	0	0	0	3	2	0	0	0	0	0
OTU965	0	0	0	0	1	0	1	1	0	0	0	0	0	0	0	0	0	0	0	0	0	0	0	0	0	0	0	0	1	1
OTU1022	0	0	0	0	2	0	0	1	0	0	0	0	0	0	0	0	0	0	0	0	0	0	0	0	0	0	0	0	0	1
OTU514	0	0	0	0	1	0	0	4	0	0	1	1	0	0	22	0	0	0	0	0	0	0	0	0	0	0	0	0	0	0
OTU340	0	0	0	0	1	1	0	8	0	1	1	0	0	0	3	0	1	0	0	1	2	0	0	0	0	0	0	0	1	0
OTU1400	0	0	0	0	1	12	0	0	0	2	4	1	0	0	0	3	0	0	0	2	2	0	0	0	0	0	0	0	0	0
OTU572	0	0	0	0	1	0	0	6	1	0	0	1	0	0	2	1	1	0	9	1	0	0	0	0	0	0	0	0	3	0
OTU749	0	0	0	0	1	0	0	5	2	1	0	0	0	5	0	0	0	0	0	2	0	0	0	0	0	0	0	0	0	0
OTU639	0	0	0	0	2	1	2	2	0	2	1	0	1	0	2	0	0	0	0	2	0	2	0	1	0	0	0	0	1	0
OTU495	0	0	0	0	1	1	2	0	0	0	5	13	62	35	46	18	0	0	0	0	0	0	1	0	0	0	10	0	2	0
OTU476	0	0	0	0	1	1	0	9	0	0	0	0	0	0	11	0	0	0	0	0	0	0	0	0	0	0	0	0	8	0
OTU260	0	0	0	0	3	0	0	2	3	0	0	6	0	5	56	4	1	0	1	0	0	0	0	0	0	0	0	0	0	0
OTU348	0	0	0	0	2	0	0	21	3	2	0	0	1	3	0	0	0	0	0	0	0	0	0	0	0	0	0	2	2	0
OTU1125	0	0	0	0	2	1	1	0	0	0	0	0	0	0	0	0	0	0	0	0	0	0	0	0	0	0	0	0	0	0
OTU1404	0	0	0	0	1	0	0	0	0	0	0	0	0	0	0	0	0	0	0	0	0	0	0	0	0	0	0	0	1	0
OTU1220	0	0	0	0	1	0	1	4	0	0	0	0	0	1	0	0	0	0	0	0	0	0	0	0	0	0	0	0	3	0
OTU680	0	0	0	0	1	3	0	0	0	2	4	1	0	0	0	3	0	0	0	1	3	0	0	0	0	0	0	0	0	0
OTU215	0	0	0	0	2	1	0	20	0	6	7	6	23	34	61	8	0	0	3	1	0	1	1	2	0	0	3	2	3	0
OTU670	0	0	0	0	1	1	2	1	0	0	0	0	0	2	4	0	0	0	0	0	0	1	0	0	0	1	0	0	0	0
OTU538	0	0	0	0	2	0	1	6	0	0	0	1	0	0	5	1	0	0	1	0	0	0	0	1	0	0	0	0	1	0
OTU1399	0	0	0	0	2	0	0	0	0	0	0	0	0	0	0	0	0	0	0	0	0	0	0	0	0	0	0	0	0	0
OTU1082	0	0	0	0	1	0	0	2	0	0	0	0	0	0	0	0	0	0	0	0	0	0	0	0	0	0	0	0	1	0
OTU1365	0	0	0	0	1	0	0	2	0	0	0	0	0	0	0	0	0	0	0	0	0	0	0	0	0	0	0	0	0	0
OTU316	0	0	0	0	1	1	2	1	0	0	1	2	11	8	21	2	8	0	11	0	6	0	0	1	1	0	3	0	0	1
OTU560	0	0	0	0	1	0	0	7	0	0	0	0	0	0	0	0	0	0	0	1	0	0	0	0	0	0	0	0	0	0
OTU847	0	0	0	0	1	0	0	3	0	4	0	0	0	0	6	0	0	0	0	0	1	0	0	2	0	0	0	1	0	0
OTU646	0	0	0	0	1	0	0	7	0	0	0	0	0	0	0	0	0	0	0	0	0	0	0	0	0	0	0	0	2	0
OTU1015	0	0	0	0	0	1	0	0	0	0	0	0	0	0	1	0	0	0	0	0	0	0	0	0	0	0	0	0	0	0
OTU397	0	0	0	0	0	1	0	0	0	0	0	0	1	0	0	13	0	0	0	0	1	0	0	0	0	0	0	0	0	0
OTU817	0	0	0	0	0	1	0	3	0	1	0	0	0	0	0	1	0	0	0	0	0	0	0	0	0	0	0	0	1	0
OTU1181	0	0	0	0	0	2	0	0	0	0	0	0	0	0	0	0	0	0	0	0	0	0	0	0	0	0	0	0	0	0
OTU911	0	0	0	0	0	5	0	0	0	0	0	0	0	0	0	0	0	0	0	0	0	0	0	0	0	0	0	0	0	0
OTU300	0	0	0	0	0	1	1	3	0	2	0	1	2	4	44	0	0	0	0	0	1	0	0	1	0	0	0	0	0	0
OTU1266	0	0	0	0	0	8	0	0	2	2	0	0	0	0	0	0	0	0	0	8	9	4	0	0	0	0	0	0	0	0
OTU459	0	0	0	0	0	11	0	0	0	0	12	14	4	0	9	27	0	0	0	2	1	0	0	0	0	0	0	2	0	0
OTU711	0	0	0	0	0	2	0	0	0	0	2	0	0	0	1	0	0	0	1	0	0	0	0	0	0	0	0	0	0	0
OTU839	0	0	0	0	0	3	0	0	0	0	2	0	0	0	0	7	0	0	0	0	0	0	0	0	0	0	0	0	0	0
OTU691	0	0	0	0	0	4	0	0	0	0	0	1	0	0	0	9	0	0	0	1	1	0	0	0	0	0	0	0	0	0
OTU1308	0	0	0	0	0	2	0	0	0	0	0	0	0	0	0	0	0	0	0	0	0	0	0	0	0	0	0	0	0	0
OTU517	0	0	0	0	0	1	0	0	0	0	5	2	5	0	0	0	0	0	0	0	0	0	0	0	0	0	0	0	0	0
OTU231	0	0	0	0	0	8	0	2	0	0	5	13	16	4	9	6	0	0	0	8	2	0	0	0	0	0	1	0	0	0
OTU1410	0	0	0	0	0	3	0	0	1	0	0	1	0	0	0	1	0	0	0	0	2	0	0	0	0	0	0	0	0	2
OTU1063	0	0	0	0	0	1	0	2	1	0	0	0	0	0	1	0	0	0	1	0	0	0	0	0	0	0	0	0	1	2
OTU331	0	0	0	0	0	2	0	0	0	0	4	9	0	0	4	5	0	0	0	1	3	0	0	0	0	0	2	0	1	0
OTU1111	0	0	0	0	0	2	0	0	0	0	0	0	0	0	0	0	0	0	0	0	0	0	0	0	0	0	0	0	0	0
OTU618	0	0	0	0	0	2	0	0	0	0	3	1	0	0	0	2	0	0	0	0	5	0	0	0	0	0	1	0	0	0
OTU1382	0	0	0	0	0	1	0	1	0	0	0	0	0	0	0	0	0	0	0	0	0	0	1	2	0	0	0	0	0	0
OTU396	0	0	0	0	0	2	1	11	1	7	1	0	4	9	0	6	0	0	0	0	0	0	0	0	0	0	0	0	0	0
OTU671	0	0	0	0	0	2	0	0	0	0	1	0	0	0	0	6	0	0	0	0	2	0	0	0	0	0	0	0	0	0
OTU712	0	0	0	0	0	5	0	0	0	0	0	3	0	0	0	1	0	0	0	0	0	0	0	0	0	0	0	0	0	0
OTU860	0	0	0	0	0	2	0	5	3	0	10	0	19	29	13	0	1	1	9	0	1	0	0	0	0	0	0	7	0	0
OTU596	0	0	0	0	0	1	0	0	1	0	0	10	0	1	0	0	0	0	0	3	1	0	0	4	0	0	0	0	0	0
OTU370	0	0	0	0	0	1	0	15	0	12	0	0	0	0	0	0	0	0	0	0	0	0	0	0	0	0	0	0	3	0
OTU882	0	0	0	0	0	1	0	7	0	1	7	0	14	2	12	2	0	0	4	1	0	0	0	0	0	0	0	0	0	0
OTU1347	0	0	0	0	0	1	0	0	0	0	0	0	0	0	0	0	0	0	0	0	0	0	0	0	2	0	0	0	0	0
OTU509	0	0	0	0	0	1	1	5	1	3	0	0	0	0	1	0	0	0	0	0	1	1	0	0	0	0	0	0	1	0
OTU762	0	0	0	0	0	4	0	0	0	1	0	3	0	0	0	10	0	0	0	2	3	0	2	0	0	0	0	0	0	0
OTU887	0	0	0	0	0	3	0	0	0	0	3	3	2	1	0	34	0	0	0	0	0	0	0	0	0	0	1	0	0	0
OTU836	0	0	0	0	0	3	0	0	0	0	0	3	0	0	0	0	0	0	0	0	0	0	0	0	0	0	0	0	0	0
OTU328	0	0	0	0	0	6	0	0	0	1	10	14	4	0	0	13	0	0	0	5	5	0	0	0	0	0	0	0	0	0
OTU1100	0	0	0	0	0	2	0	0	0	0	0	1	0	0	0	0	0	0	0	0	0	0	0	0	0	0	1	0	0	0
OTU506	0	0	0	0	0	3	0	0	0	0	0	8	1	0	0	4	0	0	0	1	0	0	0	0	0	0	0	0	0	0
OTU208	0	0	0	0	0	1	0	74	7	2	0	0	2	6	3	1	0	0	0	0	0	0	0	0	0	0	0	0	0	0
OTU765	0	0	0	0	0	6	0	0	0	0	0	0	0	0	0	2	0	0	0	1	0	0	0	0	0	0	0	0	0	0
OTU1440	0	0	0	0	0	1	0	1	2	0	0	0	0	0	0	0	0	0	0	0	0	0	0	0	0	0	0	0	0	0
OTU741	0	0	0	0	0	1	0	0	0	0	3	6	0	0	0	8	0	0	0	0	0	0	0	0	0	0	0	0	0	0
OTU207	0	0	0	0	0	1	0	5	0	1	3	0	15	10	7	25	5	0	2	0	1	0	0	1	0	0	7	1	0	0
OTU1101	0	0	0	0	0	2	0	0	0	0	0	0	0	0	0	0	0	0	0	0	2	0	0	0	0	0	0	0	0	0
OTU587	0	0	0	0	0	1	0	0	0	0	0	0	0	0	12	0	1	0	2	0	0	0	0	0	0	0	0	0	0	0
OTU709	0	0	0	0	0	2	2	2	0	0	0	0	0	2	0	0	0	0	0	0	0	0	0	0	0	0	0	0	3	0
OTU448	0	0	0	0	0	1	0	4	4	0	2	14	11	3	11	0	5	0	2	2	0	4	0	0	0	0	3	0	0	0
OTU940	0	0	0	0	0	1	0	3	0	0	1	0	1	4	8	0	0	0	0	0	0	0	1	0	0	0	1	0	0	0
OTU993	0	0	0	0	0	1	0	0	0	0	1	0	0	0	0	0	0	0	0	0	1	0	0	0	0	0	0	0	0	0
OTU1104	0	0	0	0	0	1	0	0	0	0	0	0	0	0	0	0	0	0	0	0	1	0	0	0	0	0	0	0	0	0
OTU1158	0	0	0	0	0	1	0	2	2	0	0	0	3	0	0	0	0	0	0	0	1	0	0	0	0	0	0	0	0	0
OTU789	0	0	0	0	0	1	0	0	0	0	0	5	0	0	0	0	0	0	0	2	0	0	0	0	0	0	0	0	0	0
OTU1035	0	0	0	0	0	2	0	0	0	0	1	0	0	0	0	4	0	0	0	0	0	0	0	0	0	0	0	0	0	0
OTU512	0	0	0	0	0	6	0	0	0	0	2	2	1	0	0	7	0	0	0	0	6	0	0	0	0	0	0	0	0	0
OTU504	0	0	0	0	0	2	0	0	0	0	1	2	0	1	0	2	0	0	0	0	3	0	0	0	0	0	0	0	0	0
OTU848	0	0	0	0	0	2	0	0	1	1	0	0	1	0	0	1	0	0	0	0	0	0	0	0	0	0	0	0	0	0
OTU390	0	0	0	0	0	3	0	0	0	0	0	1	0	0	4	19	0	0	0	0	0	0	0	0	0	0	0	0	0	0
OTU852	0	0	0	0	0	1	0	2	0	0	1	0	3	2	19	1	1	0	0	0	0	0	1	0	0	0	2	0	0	1
OTU1222	0	0	0	0	0	2	0	3	0	0	1	0	0	0	0	0	0	0	0	0	0	0	0	0	0	0	0	0	2	0
OTU1093	0	0	0	0	0	2	0	1	0	0	0	2	0	0	3	1	0	0	0	0	0	0	0	0	0	2	0	0	2	0
OTU462	0	0	0	0	0	1	1	7	0	3	2	3	18	4	21	5	2	0	3	1	1	1	0	0	0	0	2	2	1	0
OTU994	0	0	0	0	0	3	0	0	0	0	0	0	0	0	0	0	0	0	0	0	0	0	0	0	0	0	0	0	0	0
OTU1309	0	0	0	0	0	3	0	0	0	0	0	0	0	0	0	3	0	0	0	0	0	0	0	0	0	0	0	0	0	0
OTU252	0	0	0	0	0	2	1	26	0	1	0	1	11	0	18	0	0	0	5	0	0	0	0	0	2	0	0	0	0	1
OTU968	0	0	0	0	0	2	0	0	0	0	1	0	0	0	1	6	0	0	0	2	1	0	0	1	0	0	0	0	0	0
OTU438	0	0	0	0	0	2	0	1	1	11	1	1	0	0	0	2	0	0	0	0	0	0	0	0	0	0	0	0	0	0
OTU692	0	0	0	0	0	1	0	0	0	0	0	0	2	1	0	0	0	0	0	0	0	0	0	0	0	0	0	0	0	0
OTU410	0	0	0	0	0	1	0	0	0	0	0	0	0	0	11	0	0	0	0	0	0	0	0	0	0	0	0	0	0	0
OTU790	0	0	0	0	0	2	0	2	0	0	1	8	22	3	19	8	1	0	2	0	0	0	0	0	1	0	2	0	0	0
OTU1359	0	0	0	0	0	2	0	0	0	0	0	0	0	0	0	0	0	0	0	0	0	0	0	0	0	0	0	0	0	0
OTU774	0	0	0	0	0	2	0	1	0	5	0	0	0	0	0	0	0	0	0	0	1	0	0	2	0	0	0	0	1	0
OTU660	0	0	0	0	0	1	0	0	0	0	0	1	0	0	0	6	0	0	0	1	0	0	0	0	0	0	0	0	0	0
OTU1207	0	0	0	0	0	2	0	0	0	0	0	0	0	0	0	0	0	0	0	0	0	0	0	0	0	0	0	0	0	0
OTU1053	0	0	0	0	0	1	0	0	0	0	0	2	0	0	0	0	0	0	0	1	0	0	0	0	0	0	0	0	0	0
OTU1143	0	0	0	0	0	1	0	0	0	0	0	1	0	0	0	0	0	0	0	0	0	0	0	0	0	0	0	0	0	0
OTU213	0	0	0	0	0	1	3	33	4	12	0	3	1	1	25	1	0	0	0	1	2	1	1	1	0	0	0	0	3	0
OTU242	0	0	0	0	0	2	0	0	0	0	8	0	24	0	0	19	0	0	1	2	0	0	0	0	0	0	0	1	0	0
OTU1038	0	0	0	0	0	1	0	1	1	1	0	0	1	4	0	0	0	0	0	0	0	0	0	1	0	0	0	0	0	0
OTU477	0	0	0	0	0	1	2	3	1	3	1	0	1	0	3	0	0	0	2	0	0	0	0	0	15	0	18	0	0	0
OTU364	0	0	0	0	0	1	0	0	0	0	3	11	0	0	0	1	0	0	0	2	3	0	0	0	0	0	1	0	0	0
OTU1321	0	0	0	0	0	1	0	1	0	1	0	0	0	0	0	0	0	0	0	0	0	0	0	0	0	0	0	0	0	0
OTU1356	0	0	0	0	0	0	2	1	0	0	0	0	0	0	0	0	0	0	0	0	0	1	0	0	0	0	0	0	0	0
OTU923	0	0	0	0	0	0	1	1	0	3	0	0	0	0	0	0	0	0	0	0	0	0	0	2	0	0	0	0	1	0
OTU194	0	0	0	0	0	0	2	18	1	7	0	1	4	0	49	0	0	0	0	0	0	0	0	0	0	0	0	0	2	0
OTU1311	0	0	0	0	0	0	1	1	0	0	0	0	0	0	0	0	0	0	0	0	0	0	0	0	0	0	0	0	0	0
OTU1176	0	0	0	0	0	0	3	0	0	0	0	0	0	0	0	0	0	0	0	0	0	0	0	0	0	0	0	0	0	0
OTU611	0	0	0	0	0	0	1	2	0	0	0	0	1	2	6	3	0	0	0	0	0	0	0	0	0	0	0	0	0	0
OTU257	0	0	0	0	0	0	1	33	2	4	0	0	0	0	0	6	0	0	0	0	0	3	0	0	0	0	0	0	0	0
OTU775	0	0	0	0	0	0	2	0	0	0	0	2	0	0	7	0	0	0	0	0	0	0	0	0	0	0	0	0	0	0
OTU30	0	0	0	0	0	0	1	0	1	1	2	10	0	15	11	0	0	983	0	12	0	2	0	0	0	0	0	0	1	0
OTU510	0	0	0	0	0	0	1	1	0	2	0	0	0	0	7	0	0	0	0	0	0	0	0	0	0	0	3	0	3	0
OTU1375	0	0	0	0	0	0	1	0	0	0	0	0	0	0	0	0	0	0	0	1	0	0	0	0	0	0	0	0	0	0
OTU356	0	0	0	0	0	0	5	7	2	3	2	2	20	6	28	6	0	0	1	1	0	0	0	0	0	2	3	1	11	0
OTU1170	0	0	0	0	0	0	2	0	0	0	0	0	0	0	0	0	0	0	0	0	0	0	0	0	0	0	0	0	0	0
OTU1392	0	0	0	0	0	0	1	0	0	0	0	0	0	0	0	0	0	0	0	0	0	0	0	0	0	0	2	0	0	0
OTU269	0	0	0	0	0	0	1	15	3	9	0	0	6	0	1	0	0	0	0	0	0	0	1	1	0	0	0	0	0	0
OTU283	0	0	0	0	0	0	1	5	1	1	4	2	4	1	67	0	3	0	1	2	0	2	0	0	0	0	0	1	0	0
OTU1423	0	0	0	0	0	0	1	0	0	2	0	0	0	0	0	0	0	0	0	0	0	0	0	0	0	0	0	0	0	0
OTU203	0	0	0	0	0	0	2	17	3	2	1	5	42	12	46	2	5	5	6	0	1	0	1	2	4	4	7	21	4	0
OTU645	0	0	0	0	0	0	0	9	1	2	0	0	1	0	2	3	0	0	0	0	0	0	0	0	0	0	0	0	0	0
OTU553	0	0	0	0	0	0	0	15	2	2	0	0	0	0	1	0	2	0	0	0	1	6	0	0	0	0	0	0	0	2
OTU478	0	0	0	0	0	0	0	9	0	0	0	0	0	0	0	0	0	0	0	0	0	0	0	0	0	0	0	0	0	0
OTU791	0	0	0	0	0	0	0	1	0	4	0	0	1	1	6	0	0	0	0	0	0	0	0	0	0	1	0	2	2	0
OTU1054	0	0	0	0	0	0	0	2	0	0	0	0	0	0	0	0	0	0	0	0	0	0	0	0	0	0	0	0	0	0
OTU1085	0	0	0	0	0	0	0	2	0	0	0	0	0	0	0	0	0	0	0	0	0	0	0	0	0	0	0	0	0	0
OTU840	0	0	0	0	0	0	0	4	0	0	0	0	0	0	0	2	0	0	0	0	0	0	0	0	0	0	0	0	3	0
OTU811	0	0	0	0	0	0	0	4	0	1	0	4	1	0	2	0	0	0	1	0	0	0	0	0	0	1	0	0	0	0
OTU1211	0	0	0	0	0	0	0	2	0	0	0	0	0	0	2	0	0	0	0	1	0	0	0	0	0	0	0	0	0	0
OTU837	0	0	0	0	0	0	0	3	0	0	2	0	4	0	2	1	0	0	1	0	0	0	0	1	0	0	0	0	0	0
OTU1302	0	0	0	0	0	0	0	2	1	0	0	0	0	0	0	0	0	0	0	0	0	0	0	0	0	0	0	0	0	0
OTU1296	0	0	0	0	0	0	0	2	0	0	0	0	0	0	0	0	0	0	0	0	0	0	0	0	0	0	0	0	0	0
OTU615	0	0	0	0	0	0	0	6	0	0	0	0	0	0	0	0	0	0	0	0	0	1	0	0	0	0	0	0	0	0
OTU889	0	0	0	0	0	0	0	5	1	1	0	0	0	0	0	1	0	0	0	0	0	0	0	0	0	0	0	0	0	0
OTU695	0	0	0	0	0	0	0	6	0	2	0	0	0	0	0	0	0	0	0	0	1	0	0	0	0	0	0	0	0	0
OTU843	0	0	0	0	0	0	0	12	0	1	1	1	2	1	14	0	0	0	1	1	2	0	0	0	0	0	0	0	0	0
OTU819	0	0	0	0	0	0	0	2	2	0	0	0	4	0	9	0	1	0	3	0	0	0	0	1	0	0	1	1	0	1
OTU597	0	0	0	0	0	0	0	8	2	1	0	0	0	0	6	0	6	0	0	0	6	10	0	0	0	0	0	3	0	1
OTU1168	0	0	0	0	0	0	0	2	1	0	0	1	0	0	2	0	0	0	0	0	0	0	0	0	0	0	0	0	0	0
OTU1066	0	0	0	0	0	0	0	3	0	1	0	0	0	0	0	0	0	0	0	0	0	0	0	0	0	0	0	0	0	0
OTU780	0	0	0	0	0	0	0	4	0	0	0	0	0	0	0	0	0	0	0	0	0	0	0	0	0	0	0	0	0	0
OTU1438	0	0	0	0	0	0	0	5	0	0	0	0	0	0	0	0	0	0	0	0	0	0	0	0	0	0	0	0	1	0
OTU1390	0	0	0	0	0	0	0	3	0	0	0	0	0	0	1	0	0	0	0	0	0	0	0	0	0	0	0	0	0	0
OTU991	0	0	0	0	0	0	0	6	0	0	0	0	0	0	3	0	0	0	0	0	0	0	0	0	0	0	0	0	0	0
OTU1137	0	0	0	0	0	0	0	7	0	0	0	0	0	0	0	0	0	0	0	0	0	0	0	0	0	0	0	0	0	0
OTU1355	0	0	0	0	0	0	0	3	0	1	0	0	1	0	0	0	0	0	0	3	1	0	0	0	0	0	0	0	0	0
OTU363	0	0	0	0	0	0	0	11	0	4	0	0	0	0	6	0	0	0	0	0	0	0	0	0	0	0	0	0	0	0
OTU558	0	0	0	0	0	0	0	2	0	2	2	0	12	2	10	1	0	0	11	0	0	0	0	1	0	0	0	2	2	0
OTU1237	0	0	0	0	0	0	0	2	0	0	0	0	0	0	0	0	0	0	0	0	0	0	0	0	0	0	0	0	0	0
OTU588	0	0	0	0	0	0	0	4	3	0	0	0	0	0	0	0	0	0	0	3	0	1	0	3	0	0	0	0	0	0
OTU632	0	0	0	0	0	0	0	5	0	0	0	0	0	0	0	0	0	0	0	0	0	0	0	0	0	0	0	0	0	0
OTU1221	0	0	0	0	0	0	0	2	0	0	0	0	0	0	0	0	0	0	0	0	0	0	0	0	0	0	0	0	0	0
OTU886	0	0	0	0	0	0	0	6	0	0	0	0	0	0	0	0	0	0	0	0	0	0	0	0	0	0	0	0	0	0
OTU1026	0	0	0	0	0	0	0	4	0	0	0	0	0	0	0	0	0	0	0	1	0	0	0	0	0	0	0	0	0	0
OTU562	0	0	0	0	0	0	0	2	0	0	0	0	0	0	6	0	0	0	0	0	0	0	0	0	0	0	0	0	2	0
OTU1344	0	0	0	0	0	0	0	7	2	0	0	0	1	0	0	0	0	0	0	0	0	0	2	0	0	0	0	0	0	0
OTU1333	0	0	0	0	0	0	0	2	0	0	0	1	0	0	1	0	0	0	0	0	0	0	0	0	0	0	0	0	0	0
OTU1210	0	0	0	0	0	0	0	2	0	0	1	0	0	0	0	0	0	0	0	0	0	0	0	0	0	0	0	0	2	0
OTU788	0	0	0	0	0	0	0	1	0	0	0	0	0	3	0	0	6	0	0	0	0	0	0	0	0	0	0	0	0	2
OTU943	0	0	0	0	0	0	0	3	0	1	0	0	0	1	8	0	0	0	0	0	0	0	0	0	0	0	0	0	0	0
OTU1136	0	0	0	0	0	0	0	1	0	0	0	0	0	0	0	0	0	0	0	0	0	0	0	2	0	0	0	0	0	0
OTU413	0	0	0	0	0	0	0	8	0	1	0	0	9	2	14	1	0	0	0	0	2	0	0	3	0	1	0	0	1	0
OTU958	0	0	0	0	0	0	0	5	0	0	0	0	0	0	0	0	0	0	0	0	0	0	0	0	0	0	0	0	0	0
OTU636	0	0	0	0	0	0	0	5	0	0	0	0	0	0	0	0	0	0	0	0	0	0	0	0	0	0	0	0	0	0
OTU1377	0	0	0	0	0	0	0	3	0	0	0	0	0	0	0	0	0	0	0	0	0	0	0	0	0	0	0	0	1	0
OTU378	0	0	0	0	0	0	0	6	0	4	2	5	4	3	6	0	0	0	0	1	0	0	1	0	0	0	0	3	0	0
OTU1396	0	0	0	0	0	0	0	5	0	0	0	0	0	0	0	0	0	0	0	0	0	0	0	0	0	0	0	0	0	0
OTU1165	0	0	0	0	0	0	0	6	0	2	0	0	0	0	0	0	0	0	0	0	0	0	0	0	0	0	0	0	0	0
OTU756	0	0	0	0	0	0	0	11	1	0	0	0	0	0	0	0	0	0	0	1	0	0	0	1	0	0	0	0	1	0
OTU880	0	0	0	0	0	0	0	4	2	0	0	0	0	0	0	0	0	0	0	0	0	0	0	0	0	1	0	0	0	2
OTU1285	0	0	0	0	0	0	0	3	0	0	0	0	0	0	0	0	0	0	0	0	0	0	0	0	0	0	0	0	0	0
OTU1435	0	0	0	0	0	0	0	3	0	0	0	0	0	0	0	0	0	0	0	0	0	0	0	0	0	0	0	0	0	0
OTU1304	0	0	0	0	0	0	0	5	0	1	0	0	0	0	0	0	0	0	0	0	0	0	0	0	0	0	0	0	0	2
OTU1095	0	0	0	0	0	0	0	6	1	0	0	0	0	0	0	0	0	0	0	0	0	1	0	0	0	0	0	0	0	0
OTU1071	0	0	0	0	0	0	0	4	0	0	0	0	0	0	2	0	0	0	0	0	0	0	0	0	0	0	0	0	0	0
OTU580	0	0	0	0	0	0	0	5	0	1	0	0	0	0	0	0	0	0	0	0	0	0	0	0	0	0	0	0	2	0
OTU563	0	0	0	0	0	0	0	7	2	2	0	0	0	0	10	0	0	0	1	2	0	2	1	0	0	0	0	0	0	0
OTU849	0	0	0	0	0	0	0	1	0	0	0	4	1	7	2	0	0	0	0	0	0	0	0	0	0	0	0	3	0	0
OTU892	0	0	0	0	0	0	0	3	0	0	0	0	5	1	2	0	0	0	0	0	0	0	0	0	0	0	0	0	0	0
OTU304	0	0	0	0	0	0	0	14	1	4	0	2	8	0	15	0	0	0	0	1	0	0	0	0	19	1	1	1	0	0
OTU624	0	0	0	0	0	0	0	3	0	0	0	0	0	0	13	0	0	0	0	0	0	0	0	1	0	0	0	0	0	0
OTU1097	0	0	0	0	0	0	0	2	0	0	0	0	0	0	0	0	2	0	0	0	0	0	0	0	0	0	0	0	0	0
OTU690	0	0	0	0	0	0	0	1	0	4	0	0	0	0	0	0	0	0	0	0	0	0	0	0	0	0	0	0	0	0
OTU1259	0	0	0	0	0	0	0	2	0	0	0	0	0	0	0	0	0	0	0	0	0	0	0	0	0	0	0	0	0	0
OTU1290	0	0	0	0	0	0	0	2	0	1	2	0	0	0	0	0	0	0	0	0	0	0	0	0	0	0	1	0	0	0
OTU571	0	0	0	0	0	0	0	3	0	3	1	0	0	1	0	0	0	0	0	0	0	0	0	0	0	1	0	0	1	0
OTU610	0	0	0	0	0	0	0	8	1	0	0	0	0	0	0	0	0	0	0	0	0	0	0	0	0	0	0	0	0	0
OTU1070	0	0	0	0	0	0	0	5	1	0	0	0	0	0	0	0	0	0	0	0	2	0	0	1	0	0	0	0	0	0
OTU1203	0	0	0	0	0	0	0	1	0	0	0	0	0	0	2	0	0	0	2	0	0	0	0	0	0	0	0	0	0	0
OTU759	0	0	0	0	0	0	0	7	0	0	0	0	0	0	0	0	0	0	0	0	0	0	0	0	0	0	0	0	0	0
OTU1322	0	0	0	0	0	0	0	1	0	4	0	0	0	0	0	0	0	0	0	0	0	0	0	0	0	0	0	0	0	0
OTU455	0	0	0	0	0	0	0	1	1	0	0	0	0	3	13	0	0	0	0	0	0	0	0	0	0	0	0	0	0	0
OTU528	0	0	0	0	0	0	0	5	2	1	0	0	0	0	0	0	1	0	3	0	7	1	2	2	0	0	0	0	1	0
OTU581	0	0	0	0	0	0	0	4	0	1	0	0	11	1	14	0	0	3	0	0	0	1	1	4	0	3	0	0	11	0
OTU891	0	0	0	0	0	0	0	3	0	1	0	0	0	0	2	0	0	0	0	0	0	0	0	0	0	0	0	1	0	0
OTU763	0	0	0	0	0	0	0	1	0	0	0	0	0	0	11	0	0	0	0	0	0	0	0	0	0	0	0	0	0	0
OTU628	0	0	0	0	0	0	0	1	0	0	0	1	10	1	17	0	0	0	1	0	0	0	0	0	0	2	1	0	0	0
OTU511	0	0	0	0	0	0	0	7	0	0	0	0	0	0	0	0	0	0	0	0	0	0	0	0	0	0	0	0	0	0
OTU308	0	0	0	0	0	0	0	16	0	0	0	0	0	0	0	0	0	0	0	0	0	0	0	0	0	0	0	0	0	0
OTU520	0	0	0	0	0	0	0	7	0	1	0	0	0	0	0	0	0	0	0	0	0	0	0	0	0	0	0	0	0	0
OTU177	0	0	0	0	0	0	0	5	0	0	10	5	35	24	58	4	9	0	13	0	0	0	0	1	11	1	8	5	1	0
OTU650	0	0	0	0	0	0	0	6	1	9	0	0	0	0	0	0	0	0	0	0	0	0	0	0	0	0	1	0	0	0
OTU1182	0	0	0	0	0	0	0	2	0	0	0	0	0	0	0	0	0	0	0	0	0	0	0	0	0	0	0	0	0	0
OTU535	0	0	0	0	0	0	0	10	0	0	0	0	0	0	0	0	0	0	0	0	0	0	0	0	0	0	0	0	0	0
OTU1261	0	0	0	0	0	0	0	2	0	0	0	0	0	0	0	0	0	0	0	0	0	0	0	0	0	0	0	0	0	0
OTU1291	0	0	0	0	0	0	0	3	0	0	0	0	0	0	7	0	0	0	0	0	0	0	0	1	0	0	0	0	0	0
OTU330	0	0	0	0	0	0	0	14	0	0	0	0	0	0	0	0	0	0	0	0	0	0	0	0	0	0	0	0	0	0
OTU319	0	0	0	0	0	0	0	15	0	0	0	0	0	0	0	0	0	0	0	0	0	0	0	0	0	0	0	0	0	0
OTU493	0	0	0	0	0	0	0	10	1	0	0	0	0	0	0	0	0	0	0	0	0	1	0	0	0	0	0	0	0	0
OTU1406	0	0	0	0	0	0	0	3	0	0	1	0	0	0	0	0	0	0	0	0	0	0	0	0	0	0	0	0	0	0
OTU1154	0	0	0	0	0	0	0	1	0	0	0	0	0	0	3	0	0	0	0	0	0	0	0	0	0	0	0	0	0	0
OTU400	0	0	0	0	0	0	0	8	0	0	0	0	3	0	1	1	0	0	0	0	1	1	0	0	0	0	0	0	0	0
OTU1144	0	0	0	0	0	0	0	5	0	0	0	0	0	3	11	0	0	0	0	0	0	0	0	0	0	0	0	0	1	0
OTU926	0	0	0	0	0	0	0	2	1	2	0	0	0	5	1	0	0	0	0	0	0	0	1	0	0	0	0	0	0	0
OTU814	0	0	0	0	0	0	0	5	0	1	0	0	0	1	0	0	0	0	0	0	0	0	0	0	0	0	0	0	0	0
OTU1166	0	0	0	0	0	0	0	2	0	0	0	0	0	0	4	0	0	0	0	0	1	0	0	0	0	0	0	0	0	0
OTU981	0	0	0	0	0	0	0	2	0	0	0	0	0	0	2	0	0	0	0	0	0	0	0	1	0	0	0	0	0	0
OTU1023	0	0	0	0	0	0	0	2	0	0	0	0	0	0	0	0	0	0	0	0	0	0	0	0	0	0	0	0	0	0
OTU730	0	0	0	0	0	0	0	4	0	0	0	0	0	0	0	0	0	0	0	0	0	0	0	0	0	0	0	0	0	0
OTU949	0	0	0	0	0	0	0	3	0	0	0	0	0	0	0	0	0	0	0	0	0	0	0	0	0	0	0	0	0	0
OTU688	0	0	0	0	0	0	0	2	0	0	0	0	0	0	2	0	0	0	0	0	0	0	0	0	0	0	0	0	0	0
OTU226	0	0	0	0	0	0	0	29	0	0	0	0	0	0	0	0	0	0	0	0	0	0	0	0	0	0	0	0	0	0
OTU1067	0	0	0	0	0	0	0	9	0	3	0	0	0	0	0	0	0	0	0	0	0	0	0	0	0	0	0	0	0	0
OTU1368	0	0	0	0	0	0	0	1	0	0	0	0	0	0	0	0	0	0	1	0	1	0	0	1	0	0	4	1	0	0
OTU910	0	0	0	0	0	0	0	16	3	0	2	0	0	3	5	0	0	0	0	0	0	0	0	0	0	0	0	1	0	0
OTU885	0	0	0	0	0	0	0	1	0	0	0	0	0	0	1	1	1	0	0	0	0	0	0	0	0	0	0	0	0	0
OTU565	0	0	0	0	0	0	0	2	0	0	0	0	0	0	20	0	0	0	0	0	0	0	0	0	0	0	0	0	0	0
OTU755	0	0	0	0	0	0	0	5	0	0	0	0	0	0	0	0	0	0	0	2	0	0	0	0	0	0	0	0	0	0
OTU1252	0	0	0	0	0	0	0	3	0	0	0	0	5	0	3	0	0	0	0	0	0	0	0	0	0	0	0	0	0	0
OTU1427	0	0	0	0	0	0	0	2	0	0	0	0	0	0	0	0	0	0	0	0	0	0	0	0	0	0	0	0	0	0
OTU1241	0	0	0	0	0	0	0	1	0	2	0	0	0	0	0	0	0	0	0	0	0	0	0	0	0	0	0	0	0	0
OTU655	0	0	0	0	0	0	0	5	0	1	0	0	0	0	0	0	0	0	0	0	0	0	0	0	0	0	0	0	0	0
OTU466	0	0	0	0	0	0	0	1	0	0	0	0	0	1	6	0	0	0	0	0	0	0	0	0	13	0	0	0	0	0
OTU69	0	0	0	0	0	0	0	4	0	1	0	36	99	0	176	27	14	8	24	0	0	0	0	0	0	0	0	0	0	0
OTU1315	0	0	0	0	0	0	0	2	0	0	0	0	0	0	0	0	0	0	0	0	0	0	0	0	0	0	0	0	0	0
OTU694	0	0	0	0	0	0	0	2	0	0	0	2	0	0	1	0	0	0	0	0	0	0	0	0	0	0	0	0	0	0
OTU1109	0	0	0	0	0	0	0	2	0	0	0	0	0	0	0	0	0	0	0	0	0	0	0	0	0	0	0	0	0	0
OTU810	0	0	0	0	0	0	0	4	0	0	1	0	0	0	0	0	0	0	0	1	0	0	0	3	0	0	0	0	1	0
OTU844	0	0	0	0	0	0	0	3	0	0	0	0	0	0	0	0	0	0	0	0	2	0	0	0	0	0	0	0	0	0
OTU574	0	0	0	0	0	0	0	3	0	0	0	0	0	0	3	0	0	0	0	0	0	0	0	0	0	1	0	0	0	4
OTU781	0	0	0	0	0	0	0	5	0	0	0	0	0	0	0	0	0	0	0	0	0	0	0	0	0	0	0	0	0	0
OTU838	0	0	0	0	0	0	0	3	0	0	0	0	0	0	0	0	0	0	0	0	0	0	0	0	0	0	0	0	0	0
OTU1323	0	0	0	0	0	0	0	2	0	0	0	0	0	0	0	0	0	0	0	0	0	0	0	0	0	0	0	0	0	0
OTU750	0	0	0	0	0	0	0	2	0	1	0	6	0	0	0	0	0	0	0	0	0	0	0	0	0	0	0	0	0	0
OTU722	0	0	0	0	0	0	0	4	0	0	0	0	0	0	0	0	0	0	0	0	0	0	0	0	0	0	0	0	0	0
OTU984	0	0	0	0	0	0	0	2	0	0	0	0	0	0	0	0	0	0	0	0	0	0	0	0	0	0	0	0	3	0
OTU1314	0	0	0	0	0	0	0	2	0	0	0	0	0	0	0	0	0	0	0	0	1	0	0	0	0	0	0	0	0	0
OTU1044	0	0	0	0	0	0	0	2	0	0	0	0	0	0	0	0	0	0	0	0	0	0	0	0	0	0	0	0	0	0
OTU1342	0	0	0	0	0	0	0	2	0	0	0	0	0	0	0	0	0	0	0	0	0	0	0	0	0	0	0	0	0	0
OTU1235	0	0	0	0	0	0	0	2	0	0	0	0	0	0	0	0	0	0	0	0	0	0	0	0	0	0	0	0	0	0
OTU1025	0	0	0	0	0	0	0	3	0	0	0	0	0	0	0	0	0	0	0	0	0	0	0	0	0	0	0	0	0	0
OTU966	0	0	0	0	0	0	0	1	0	0	0	0	0	0	0	0	0	0	0	0	1	0	0	0	0	0	0	0	0	0
OTU323	0	0	0	0	0	0	0	6	0	1	0	0	12	1	17	0	0	0	0	1	0	0	1	0	0	0	0	0	0	0
OTU872	0	0	0	0	0	0	0	4	1	1	0	0	0	0	0	0	0	0	4	0	0	0	0	0	0	0	0	0	0	0
OTU697	0	0	0	0	0	0	0	4	0	0	0	1	0	0	0	0	0	0	0	0	0	0	0	0	0	0	0	0	0	0
OTU268	0	0	0	0	0	0	0	1	1	2	0	0	1	4	45	0	0	0	1	0	0	0	0	0	0	0	2	0	0	0
OTU651	0	0	0	0	0	0	0	2	0	0	0	0	0	0	8	0	0	0	0	0	0	0	0	0	0	0	0	0	0	0
OTU1051	0	0	0	0	0	0	0	2	0	0	0	0	0	0	0	0	0	0	0	0	0	0	0	0	0	0	0	0	0	0
OTU1343	0	0	0	0	0	0	0	3	0	2	0	0	0	0	0	1	0	0	0	0	0	0	0	0	0	0	0	0	0	1
OTU1036	0	0	0	0	0	0	0	2	0	0	0	0	0	0	0	0	0	0	0	0	0	0	0	0	0	0	0	0	0	0
OTU1197	0	0	0	0	0	0	0	2	0	0	0	0	0	0	0	0	0	0	0	0	0	0	0	0	0	0	0	0	0	0
OTU408	0	0	0	0	0	0	0	1	0	0	0	0	2	0	0	0	0	0	0	0	0	11	0	0	0	0	0	0	0	0
OTU1017	0	0	0	0	0	0	0	2	0	0	0	0	0	0	0	0	0	0	0	0	0	0	0	0	0	0	0	0	0	0
OTU566	0	0	0	0	0	0	0	4	0	0	0	0	0	0	4	0	0	0	0	0	0	0	0	0	0	0	0	0	0	0
OTU1434	0	0	0	0	0	0	0	2	0	1	0	2	0	0	0	1	0	0	0	0	0	0	0	0	0	0	0	0	0	0
OTU985	0	0	0	0	0	0	0	1	0	0	0	2	0	0	0	0	0	0	0	0	0	0	0	0	0	0	0	0	0	0
OTU933	0	0	0	0	0	0	0	4	0	0	0	0	0	0	3	0	0	0	0	0	0	0	0	0	0	0	0	0	0	0
OTU144	0	0	0	0	0	0	0	1	0	0	0	3	66	14	121	6	0	6	0	0	0	0	0	0	0	0	0	0	0	0
OTU1317	0	0	0	0	0	0	0	2	0	0	0	0	0	0	0	0	0	0	0	0	0	0	0	0	0	0	0	0	0	0
OTU416	0	0	0	0	0	0	0	2	0	1	5	1	5	40	35	6	0	0	1	1	1	0	0	1	0	0	0	0	0	0
OTU725	0	0	0	0	0	0	0	1	0	0	0	0	0	6	3	0	0	0	0	0	4	1	0	0	0	0	0	0	0	0
OTU1192	0	0	0	0	0	0	0	2	0	1	0	0	0	0	0	0	0	0	0	0	0	2	0	0	0	0	0	0	0	0
OTU1138	0	0	0	0	0	0	0	3	0	0	0	0	0	0	1	0	0	0	0	0	0	0	0	0	0	0	0	0	0	0
OTU424	0	0	0	0	0	0	0	10	0	0	0	1	0	0	0	0	0	0	0	0	0	0	0	0	0	0	0	0	0	0
OTU903	0	0	0	0	0	0	0	4	0	3	0	0	2	0	0	0	1	0	0	0	0	0	0	0	0	0	1	2	0	0
OTU302	0	0	0	0	0	0	0	1	0	0	1	1	2	6	19	0	0	0	0	0	0	0	0	0	0	0	0	0	0	0
OTU1431	0	0	0	0	0	0	0	2	0	0	0	0	1	0	0	0	0	0	0	0	0	0	0	0	0	0	0	0	0	0
OTU1010	0	0	0	0	0	0	0	2	0	0	0	0	0	0	2	0	0	0	0	0	0	0	0	0	0	0	0	0	0	0
OTU1394	0	0	0	0	0	0	0	2	0	0	0	0	0	0	0	0	0	0	0	0	0	0	0	0	0	0	0	0	0	0
OTU1258	0	0	0	0	0	0	0	2	0	0	0	0	0	0	0	0	0	0	0	0	0	0	0	0	0	0	0	0	0	0
OTU1326	0	0	0	0	0	0	0	2	0	0	0	0	0	0	0	0	0	0	0	1	0	0	0	0	0	0	0	0	0	0
OTU1233	0	0	0	0	0	0	0	2	0	1	0	0	0	0	0	0	0	0	0	0	0	0	0	0	0	0	0	0	0	0
OTU1364	0	0	0	0	0	0	0	2	0	0	0	0	0	0	0	0	0	0	0	0	0	0	0	0	0	0	0	0	0	0
OTU816	0	0	0	0	0	0	0	1	0	0	0	0	0	4	3	1	0	0	0	0	0	0	0	0	3	0	0	0	0	0
OTU1363	0	0	0	0	0	0	0	2	0	0	0	0	0	0	0	0	0	0	0	0	0	0	0	0	0	0	0	0	0	0
OTU522	0	0	0	0	0	0	0	1	0	0	0	0	0	7	11	0	0	0	0	0	0	0	0	0	0	0	0	0	0	0
OTU858	0	0	0	0	0	0	0	1	0	0	0	0	0	0	3	0	0	0	0	0	0	0	0	0	0	0	0	0	0	0
OTU1157	0	0	0	0	0	0	0	2	1	0	0	0	2	0	0	1	0	0	0	0	0	0	0	0	0	0	0	0	0	0
OTU617	0	0	0	0	0	0	0	1	0	0	0	0	0	0	0	0	0	0	0	0	0	0	0	0	0	0	6	0	0	0
OTU696	0	0	0	0	0	0	0	5	2	0	0	0	0	0	0	0	0	0	0	0	0	0	0	0	0	0	0	0	0	0
OTU147	0	0	0	0	0	0	0	1	0	0	3	44	22	9	64	4	19	17	58	0	0	0	0	0	2	1	7	17	0	0
OTU822	0	0	0	0	0	0	0	3	0	0	2	0	0	5	6	6	0	0	0	0	0	0	0	0	0	0	0	0	0	0
OTU752	0	0	0	0	0	0	0	3	0	0	0	0	0	0	0	0	0	0	0	0	0	0	0	0	0	1	0	0	0	0
OTU590	0	0	0	0	0	0	0	7	0	0	0	0	0	0	0	0	0	0	0	0	0	0	0	0	0	0	0	0	0	0
OTU729	0	0	0	0	0	0	0	1	0	0	0	0	0	0	15	0	0	0	0	0	0	0	0	0	0	0	2	0	0	0
OTU494	0	0	0	0	0	0	0	6	0	0	0	0	0	0	1	0	0	0	0	0	0	1	0	0	0	0	0	0	0	0
OTU964	0	0	0	0	0	0	0	3	0	0	0	0	0	0	0	0	0	0	0	0	0	0	0	0	0	0	0	0	0	0
OTU627	0	0	0	0	0	0	0	10	0	0	0	0	0	0	7	0	0	0	0	0	0	0	0	0	0	0	0	0	0	0
OTU637	0	0	0	0	0	0	0	3	0	0	0	0	0	3	1	0	1	0	1	0	0	0	0	0	0	1	1	1	0	0
OTU924	0	0	0	0	0	0	0	3	0	0	0	0	0	0	0	0	0	0	0	0	0	0	0	0	0	0	0	0	0	0
OTU626	0	0	0	0	0	0	0	1	3	1	0	0	0	0	0	0	0	0	2	0	3	1	0	1	0	0	1	0	1	1
OTU1060	0	0	0	0	0	0	0	2	1	0	0	0	1	0	7	0	0	0	0	0	0	0	0	0	0	0	0	0	0	0
OTU941	0	0	0	0	0	0	0	1	0	0	0	2	0	0	0	0	0	0	0	0	0	0	0	0	0	0	0	0	0	0
OTU418	0	0	0	0	0	0	0	2	0	0	0	0	0	17	0	0	0	0	0	0	0	0	0	0	0	0	0	0	0	0
OTU1050	0	0	0	0	0	0	0	2	1	0	0	0	0	0	0	0	0	0	0	0	0	0	0	0	0	0	0	0	0	0
OTU1310	0	0	0	0	0	0	0	1	0	0	0	0	0	1	0	0	0	0	0	0	0	0	0	0	0	0	0	0	0	0
OTU417	0	0	0	0	0	0	0	2	0	0	0	10	0	0	0	0	0	0	0	0	0	0	0	0	0	0	0	0	0	0
OTU859	0	0	0	0	0	0	0	1	0	0	0	0	0	0	0	0	0	0	3	0	0	0	0	1	0	0	0	0	0	0
OTU1178	0	0	0	0	0	0	0	3	0	0	0	0	0	0	2	0	2	0	0	0	0	0	0	0	0	0	0	0	2	0
OTU834	0	0	0	0	0	0	0	1	0	0	0	0	7	0	1	0	3	0	2	0	0	0	0	0	0	0	0	0	0	0
OTU366	0	0	0	0	0	0	0	5	0	0	0	0	0	0	0	2	0	0	1	1	0	0	0	2	4	0	0	0	0	2
OTU407	0	0	0	0	0	0	0	1	1	8	0	0	0	0	0	0	0	0	0	0	0	0	0	0	0	0	0	0	2	0
OTU1172	0	0	0	0	0	0	0	2	0	0	0	0	0	0	0	0	0	0	0	0	0	0	0	0	0	0	0	0	0	0
OTU230	0	0	0	0	0	0	0	1	0	0	0	4	35	0	33	0	0	0	0	0	0	0	0	0	0	0	0	0	0	0
OTU736	0	0	0	0	0	0	0	1	0	0	0	2	1	0	1	2	0	0	0	0	0	0	0	0	0	0	0	0	0	0
OTU1236	0	0	0	0	0	0	0	3	0	0	0	0	0	0	0	0	0	0	0	0	0	0	0	0	0	0	0	0	0	0
OTU1213	0	0	0	0	0	0	0	1	1	0	0	5	0	0	10	0	3	0	0	1	0	0	0	0	0	0	0	0	0	1
OTU727	0	0	0	0	0	0	0	1	0	1	0	0	16	0	2	0	0	0	0	0	0	0	0	0	0	0	0	0	0	0
OTU1008	0	0	0	0	0	0	0	0	2	0	0	0	0	0	0	0	0	0	0	0	0	0	0	0	0	0	0	0	0	0
OTU612	0	0	0	0	0	0	0	0	6	0	0	0	0	3	0	0	0	0	0	0	0	0	0	0	0	0	0	0	0	0
OTU547	0	0	0	0	0	0	0	0	7	0	0	0	0	0	4	0	0	0	0	0	0	0	0	0	0	0	0	0	0	0
OTU678	0	0	0	0	0	0	0	0	1	0	0	1	0	3	21	0	0	0	0	0	0	0	0	0	0	0	0	0	0	0
OTU1362	0	0	0	0	0	0	0	0	2	0	0	0	0	0	0	0	0	0	0	0	0	0	0	0	0	0	0	0	0	0
OTU1324	0	0	0	0	0	0	0	0	1	0	232	551	3	2	151	572	0	0	0	0	0	0	0	0	0	0	0	0	0	0
OTU874	0	0	0	0	0	0	0	0	1	0	0	0	0	0	6	0	0	0	0	0	0	0	0	0	0	0	0	0	0	0
OTU604	0	0	0	0	0	0	0	0	1	0	0	0	0	0	1	0	0	0	0	1	1	0	0	0	0	0	0	0	0	0
OTU908	0	0	0	0	0	0	0	0	4	0	0	0	0	0	0	0	0	0	0	0	0	0	0	0	0	0	0	0	0	0
OTU489	0	0	0	0	0	0	0	0	9	0	0	0	0	0	0	0	0	0	0	0	0	0	0	0	0	0	0	0	0	0
OTU986	0	0	0	0	0	0	0	0	3	0	0	0	0	0	0	0	0	0	0	0	0	0	0	0	0	0	0	0	0	0
OTU976	0	0	0	0	0	0	0	0	1	0	0	3	0	0	0	1	1	0	0	0	0	0	0	0	0	0	0	0	0	0
OTU312	0	0	0	0	0	0	0	0	16	0	0	0	0	0	0	0	0	0	0	0	0	0	0	0	0	0	0	0	0	0
OTU980	0	0	0	0	0	0	0	0	3	0	0	0	0	0	0	0	0	0	0	0	0	0	0	0	0	0	0	0	0	0
OTU982	0	0	0	0	0	0	0	0	1	0	0	0	0	0	0	0	0	0	0	0	0	0	0	0	0	0	0	0	0	0
OTU997	0	0	0	0	0	0	0	0	1	1	0	0	0	0	0	0	0	0	3	0	0	0	0	0	0	0	1	0	0	0
OTU747	0	0	0	0	0	0	0	0	1	0	0	3	0	0	0	0	0	0	0	0	4	0	0	0	0	0	0	0	0	0
OTU1005	0	0	0	0	0	0	0	0	2	0	0	0	0	0	0	0	0	0	0	0	0	0	0	0	0	0	0	0	0	0
OTU388	0	0	0	0	0	0	0	0	4	0	0	0	0	0	21	0	0	0	0	0	0	0	0	0	0	0	0	0	0	0
OTU663	0	0	0	0	0	0	0	0	1	0	0	3	0	0	2	7	0	0	0	0	0	0	0	0	0	0	0	0	0	0
OTU1199	0	0	0	0	0	0	0	0	1	0	0	0	0	2	0	0	0	0	0	0	0	0	0	0	0	0	0	0	0	0
OTU1124	0	0	0	0	0	0	0	0	1	0	0	0	0	0	0	0	4	0	3	0	0	0	0	0	0	0	0	0	0	0
OTU1416	0	0	0	0	0	0	0	0	1	0	0	4	0	1	0	0	0	0	0	0	0	0	0	0	0	0	0	0	0	0
OTU1386	0	0	0	0	0	0	0	0	2	0	0	0	0	0	0	0	0	0	0	0	0	0	0	0	0	0	0	0	0	0
OTU591	0	0	0	0	0	0	0	0	1	1	0	0	0	0	12	0	0	0	0	0	0	0	0	0	0	0	0	0	0	0
OTU525	0	0	0	0	0	0	0	0	1	0	0	0	8	0	0	0	0	0	0	0	1	0	0	0	0	0	0	0	0	0
OTU841	0	0	0	0	0	0	0	0	1	0	0	3	0	0	0	0	0	0	0	2	2	3	0	0	0	0	0	1	0	0
OTU499	0	0	0	0	0	0	0	0	0	2	0	0	8	0	3	0	0	0	0	0	1	0	0	6	0	0	0	0	0	0
OTU1267	0	0	0	0	0	0	0	0	0	2	0	0	0	0	0	0	0	0	0	0	0	0	0	0	0	0	0	0	0	0
OTU217	0	0	0	0	0	0	0	0	0	1	4	4	18	11	14	6	0	5	14	0	2	0	0	0	0	1	1	0	0	0
OTU896	0	0	0	0	0	0	0	0	0	1	3	0	0	0	0	0	0	0	0	0	0	0	0	0	0	0	0	0	0	0
OTU932	0	0	0	0	0	0	0	0	0	1	0	0	0	0	0	3	0	0	0	0	0	0	0	0	0	0	0	0	0	0
OTU1187	0	0	0	0	0	0	0	0	0	3	0	4	1	0	2	0	0	0	0	0	0	0	0	0	0	0	1	0	0	0
OTU1331	0	0	0	0	0	0	0	0	0	2	0	0	0	0	0	0	1	0	0	0	0	0	0	0	0	0	0	0	0	0
OTU519	0	0	0	0	0	0	0	0	0	1	0	0	0	0	12	0	0	0	0	0	0	0	0	0	0	0	0	0	0	0
OTU1265	0	0	0	0	0	0	0	0	0	3	0	0	0	0	0	0	0	0	0	0	0	0	0	0	0	0	0	0	0	0
OTU158	0	0	0	0	0	0	0	0	0	59	0	0	3	0	0	0	0	0	0	0	0	0	0	0	0	0	0	0	0	0
OTU1119	0	0	0	0	0	0	0	0	0	1	0	0	0	0	0	0	0	0	0	0	0	0	2	0	0	0	0	0	0	0
OTU123	0	0	0	0	0	0	0	0	0	1	38	2	0	26	5	114	0	0	0	0	0	0	0	1	43	0	1	0	0	0
OTU1428	0	0	0	0	0	0	0	0	0	2	0	0	0	0	0	0	0	0	0	0	0	0	0	0	0	0	0	0	0	0
OTU322	0	0	0	0	0	0	0	0	0	1	0	17	0	0	0	0	0	0	0	0	0	0	0	0	0	0	0	0	0	0
OTU1295	0	0	0	0	0	0	0	0	0	1	2	0	3	0	3	1	1	0	3	0	0	0	2	0	0	0	0	0	0	0
OTU291	0	0	0	0	0	0	0	0	0	1	3	0	12	2	33	5	0	0	1	0	0	0	0	0	0	1	8	2	0	0
OTU978	0	0	0	0	0	0	0	0	0	1	0	1	0	0	0	3	0	0	0	1	3	0	0	0	0	0	0	0	0	0
OTU1198	0	0	0	0	0	0	0	0	0	1	0	5	0	0	2	0	0	0	0	0	0	0	0	0	0	0	0	0	0	0
OTU782	0	0	0	0	0	0	0	0	0	4	0	0	0	0	0	0	0	0	0	0	0	0	1	0	0	0	0	0	0	0
OTU570	0	0	0	0	0	0	0	0	0	1	2	0	0	0	4	4	0	0	0	0	0	0	0	0	0	0	0	0	0	0
OTU823	0	0	0	0	0	0	0	0	0	2	0	0	3	0	2	1	3	0	2	0	0	0	0	0	0	0	0	0	0	0
OTU1034	0	0	0	0	0	0	0	0	0	0	2	0	0	0	0	0	0	0	0	0	0	0	0	0	0	0	0	0	0	0
OTU1242	0	0	0	0	0	0	0	0	0	0	2	0	0	0	0	0	0	0	0	0	0	0	0	0	0	0	0	0	0	0
OTU275	0	0	0	0	0	0	0	0	0	0	1	1	13	1	5	0	3	8	2	1	0	1	1	0	15	0	25	12	0	0
OTU371	0	0	0	0	0	0	0	0	0	0	11	34	3	2	0	19	0	0	0	0	0	0	0	0	2	0	2	1	0	0
OTU347	0	0	0	0	0	0	0	0	0	0	2	12	0	0	7	0	0	0	0	0	0	0	0	0	0	0	0	6	0	0
OTU1361	0	0	0	0	0	0	0	0	0	0	5	0	6	0	2	0	1	0	1	0	0	0	0	0	0	0	0	0	0	0
OTU593	0	0	0	0	0	0	0	0	0	0	17	5	4	0	1	12	0	0	0	0	0	0	0	0	0	0	0	0	0	0
OTU251	0	0	0	0	0	0	0	0	0	0	1	0	2	4	11	0	11	0	13	0	0	0	0	2	17	3	5	5	0	1
OTU945	0	0	0	0	0	0	0	0	0	0	1	1	5	0	18	0	0	0	1	0	0	0	0	0	0	0	0	0	0	0
OTU311	0	0	0	0	0	0	0	0	0	0	15	5	11	9	36	0	1	1	4	0	0	0	0	0	0	0	6	0	0	0
OTU460	0	0	0	0	0	0	0	0	0	0	2	0	9	5	14	1	2	0	0	0	0	0	0	0	0	0	0	0	0	0
OTU431	0	0	0	0	0	0	0	0	0	0	5	0	15	5	7	0	0	0	1	0	0	0	1	0	0	0	3	0	1	0
OTU551	0	0	0	0	0	0	0	0	0	0	1	0	0	0	0	8	0	0	0	0	0	0	0	0	0	0	1	0	0	0
OTU137	0	0	0	0	0	0	0	0	0	0	9	4	8	3	25	8	0	1	22	0	0	0	0	0	9	1	3	5	0	0
OTU183	0	0	0	0	0	0	0	0	0	0	4	23	7	0	24	9	0	1	9	0	0	0	0	0	0	1	0	8	0	0
OTU913	0	0	0	0	0	0	0	0	0	0	3	0	0	0	0	0	0	0	0	0	0	0	0	0	0	0	0	0	0	0
OTU1209	0	0	0	0	0	0	0	0	0	0	2	0	0	0	0	1	0	0	0	0	0	0	0	0	0	0	0	0	0	0
OTU1185	0	0	0	0	0	0	0	0	0	0	4	0	7	33	15	0	14	6	11	0	0	0	0	0	0	0	8	1	0	0
OTU1341	0	0	0	0	0	0	0	0	0	0	3	0	0	0	0	0	0	0	0	1	0	0	0	0	1	0	0	0	0	0
OTU262	0	0	0	0	0	0	0	0	0	0	2	4	0	0	14	13	0	0	0	0	0	0	0	0	0	0	0	1	0	0
OTU1424	0	0	0	0	0	0	0	0	0	0	2	0	0	0	0	0	0	0	0	0	0	0	0	0	0	0	0	0	0	0
OTU1103	0	0	0	0	0	0	0	0	0	0	1	0	0	0	0	1	0	0	0	0	0	0	0	1	0	0	1	0	0	0
OTU865	0	0	0	0	0	0	0	0	0	0	2	1	10	3	10	0	4	0	0	0	0	0	0	0	0	0	0	0	0	0
OTU1418	0	0	0	0	0	0	0	0	0	0	3	0	0	0	0	0	0	0	0	0	0	0	0	0	0	0	0	0	1	0
OTU1376	0	0	0	0	0	0	0	0	0	0	1	0	0	0	3	0	0	1	0	4	1	0	0	0	0	0	0	0	0	0
OTU224	0	0	0	0	0	0	0	0	0	0	1	4	1	0	107	1	0	1	12	0	0	0	0	3	0	0	4	0	0	0
OTU1332	0	0	0	0	0	0	0	0	0	0	1	0	0	0	1	0	0	0	0	0	0	0	0	0	0	0	0	0	0	0
OTU1432	0	0	0	0	0	0	0	0	0	0	1	0	2	0	0	0	0	0	0	0	0	0	0	0	0	0	0	0	0	0
OTU334	0	0	0	0	0	0	0	0	0	0	1	5	17	11	17	1	0	0	1	0	0	0	0	0	14	1	14	5	0	0
OTU421	0	0	0	0	0	0	0	0	0	0	1	1	13	0	0	0	0	0	0	0	0	0	0	0	0	0	0	0	0	0
OTU579	0	0	0	0	0	0	0	0	0	0	3	36	0	0	3	29	0	0	0	0	0	0	0	0	0	0	0	0	0	0
OTU745	0	0	0	0	0	0	0	0	0	0	1	0	6	0	2	3	0	0	1	0	0	0	0	0	0	0	0	0	0	0
OTU437	0	0	0	0	0	0	0	0	0	0	1	3	2	4	1	9	0	0	0	0	0	0	0	0	0	0	0	0	0	0
OTU1037	0	0	0	0	0	0	0	0	0	0	4	3	0	0	0	13	0	0	0	0	2	0	0	0	0	0	0	0	0	0
OTU735	0	0	0	0	0	0	0	0	0	0	1	1	0	4	5	0	0	0	0	0	0	0	0	0	0	0	0	0	0	0
OTU1047	0	0	0	0	0	0	0	0	0	0	1	0	2	0	0	1	0	0	0	0	0	0	0	0	0	0	0	0	0	0
OTU552	0	0	0	0	0	0	0	0	0	0	1	0	1	0	0	0	0	0	0	5	2	0	0	0	0	0	0	0	0	0
OTU1117	0	0	0	0	0	0	0	0	0	0	1	2	0	0	0	1	0	0	0	0	2	0	0	0	0	0	1	0	0	0
OTU1064	0	0	0	0	0	0	0	0	0	0	1	0	0	0	0	0	0	0	0	0	0	0	0	0	0	0	0	0	2	0
OTU733	0	0	0	0	0	0	0	0	0	0	0	1	12	0	0	1	0	0	0	0	0	0	0	0	0	0	0	0	0	0
OTU546	0	0	0	0	0	0	0	0	0	0	0	3	0	0	18	0	0	0	0	0	0	0	0	0	0	0	0	0	0	0
OTU403	0	0	0	0	0	0	0	0	0	0	0	3	0	0	0	7	9	3	0	1	1	0	0	0	0	0	0	0	0	0
OTU1420	0	0	0	0	0	0	0	0	0	0	0	2	0	0	0	0	0	0	0	0	0	0	0	0	0	0	0	0	0	0
OTU971	0	0	0	0	0	0	0	0	0	0	0	3	2	0	0	0	3	0	0	0	2	0	0	0	0	0	1	0	0	0
OTU710	0	0	0	0	0	0	0	0	0	0	0	2	0	2	0	0	0	0	0	0	0	0	0	0	0	0	0	1	0	0
OTU1200	0	0	0	0	0	0	0	0	0	0	0	4	0	0	0	0	0	0	0	0	0	0	0	0	0	0	0	0	0	0
OTU398	0	0	0	0	0	0	0	0	0	0	0	16	5	0	0	4	1	0	0	0	0	0	0	0	0	0	0	0	0	0
OTU1134	0	0	0	0	0	0	0	0	0	0	0	2	0	0	0	0	0	0	0	1	0	0	0	0	0	0	0	0	0	0
OTU973	0	0	0	0	0	0	0	0	0	0	0	3	0	0	3	0	0	0	0	0	0	0	0	0	0	0	3	0	0	0
OTU1150	0	0	0	0	0	0	0	0	0	0	0	2	2	2	5	0	0	0	1	0	0	0	0	1	3	0	0	0	0	0
OTU793	0	0	0	0	0	0	0	0	0	0	0	8	0	0	0	0	0	0	0	0	0	0	0	0	0	0	0	0	0	0
OTU796	0	0	0	0	0	0	0	0	0	0	0	2	2	0	1	0	0	0	0	0	0	0	0	0	1	0	0	0	0	0
OTU310	0	0	0	0	0	0	0	0	0	0	0	6	8	3	5	7	0	0	6	0	0	0	0	0	0	0	0	4	0	0
OTU1369	0	0	0	0	0	0	0	0	0	0	0	1	8	0	2	0	0	0	1	0	0	0	0	0	0	0	0	0	0	0
OTU1334	0	0	0	0	0	0	0	0	0	0	0	1	1	0	0	1	0	0	0	0	0	0	0	0	0	0	0	0	0	0
OTU772	0	0	0	0	0	0	0	0	0	0	0	1	9	3	3	0	0	0	0	0	0	0	0	1	0	0	1	0	0	0
OTU869	0	0	0	0	0	0	0	0	0	0	0	2	0	0	0	1	0	0	0	0	0	0	0	0	0	0	0	0	0	0
OTU1214	0	0	0	0	0	0	0	0	0	0	0	2	4	5	8	0	0	0	0	0	0	0	0	0	0	0	2	0	2	0
OTU1152	0	0	0	0	0	0	0	0	0	0	0	2	0	0	0	0	0	0	0	0	3	0	0	0	0	0	0	0	0	0
OTU537	0	0	0	0	0	0	0	0	0	0	0	2	4	0	7	3	1	0	0	0	0	0	1	0	0	1	1	0	0	0
OTU508	0	0	0	0	0	0	0	0	0	0	0	3	2	0	0	6	0	0	0	0	0	0	0	0	0	0	0	0	0	0
OTU622	0	0	0	0	0	0	0	0	0	0	0	4	0	1	0	0	0	0	0	0	0	0	1	0	0	0	0	0	0	3
OTU1417	0	0	0	0	0	0	0	0	0	0	0	2	0	0	0	0	0	0	0	0	0	0	0	0	0	0	0	0	0	0
OTU361	0	0	0	0	0	0	0	0	0	0	0	1	4	1	16	0	0	0	0	0	0	0	0	0	0	1	0	0	0	0
OTU523	0	0	0	0	0	0	0	0	0	0	0	2	0	0	1	10	0	0	0	1	0	0	0	0	0	0	0	0	0	0
OTU830	0	0	0	0	0	0	0	0	0	0	0	3	0	0	3	0	0	0	1	0	0	1	0	0	0	0	0	0	0	0
OTU548	0	0	0	0	0	0	0	0	0	0	0	1	2	0	0	0	0	0	0	0	0	0	0	0	0	0	0	8	0	0
OTU606	0	0	0	0	0	0	0	0	0	0	0	2	1	3	0	0	1	0	1	0	0	0	0	1	7	0	0	0	0	0
OTU1002	0	0	0	0	0	0	0	0	0	0	0	2	0	0	1	0	0	0	0	0	0	0	0	0	0	0	0	0	0	0
OTU1048	0	0	0	0	0	0	0	0	0	0	0	3	0	2	0	1	0	0	0	0	0	0	0	0	0	0	0	0	0	0
OTU738	0	0	0	0	0	0	0	0	0	0	0	1	0	10	0	0	0	0	0	0	0	0	0	0	0	0	0	0	0	0
OTU1001	0	0	0	0	0	0	0	0	0	0	0	3	0	0	0	0	0	0	0	0	0	0	0	0	0	0	0	0	0	0
OTU967	0	0	0	0	0	0	0	0	0	0	0	2	1	0	0	0	0	0	0	0	0	0	0	0	0	0	0	0	0	0
OTU392	0	0	0	0	0	0	0	0	0	0	0	4	1	5	5	2	0	1	0	0	0	0	0	0	1	0	0	13	0	0
OTU969	0	0	0	0	0	0	0	0	0	0	0	3	0	0	1	17	0	0	0	0	1	0	0	0	0	0	0	0	0	0
OTU1371	0	0	0	0	0	0	0	0	0	0	0	1	0	0	0	1	1	0	0	1	4	0	0	0	0	0	0	0	0	0
OTU1408	0	0	0	0	0	0	0	0	0	0	0	1	0	0	0	0	0	0	0	0	0	0	0	0	0	0	0	0	0	0
OTU726	0	0	0	0	0	0	0	0	0	0	0	1	0	0	0	0	0	0	0	2	0	0	0	0	0	0	0	0	0	0
OTU1140	0	0	0	0	0	0	0	0	0	0	0	2	0	0	0	0	0	0	0	0	0	0	0	1	0	0	1	0	1	0
OTU776	0	0	0	0	0	0	0	0	0	0	0	1	0	0	9	0	0	0	0	0	0	0	0	0	0	0	0	0	0	0
OTU634	0	0	0	0	0	0	0	0	0	0	0	1	0	0	3	0	0	0	0	0	0	0	0	0	0	0	2	0	0	0
OTU554	0	0	0	0	0	0	0	0	0	0	0	1	0	0	0	6	0	0	0	0	3	0	0	0	0	0	0	0	0	0
OTU1407	0	0	0	0	0	0	0	0	0	0	0	0	2	0	0	0	0	0	0	0	0	0	0	0	0	0	0	0	0	0
OTU1274	0	0	0	0	0	0	0	0	0	0	0	0	2	0	1	0	0	0	0	0	0	0	0	0	0	0	0	0	0	0
OTU1338	0	0	0	0	0	0	0	0	0	0	0	0	1	0	0	0	0	0	0	0	0	0	0	0	3	0	0	0	0	0
OTU734	0	0	0	0	0	0	0	0	0	0	0	0	6	2	0	2	0	0	0	0	0	0	0	0	0	0	0	0	0	0
OTU698	0	0	0	0	0	0	0	0	0	0	0	0	3	4	6	0	0	0	0	1	0	0	0	1	0	0	0	0	1	0
OTU264	0	0	0	0	0	0	0	0	0	0	0	0	10	2	4	1	0	0	0	0	0	0	0	1	20	0	4	3	1	0
OTU665	0	0	0	0	0	0	0	0	0	0	0	0	8	0	0	0	0	0	0	0	0	0	0	0	0	0	0	0	0	0
OTU501	0	0	0	0	0	0	0	0	0	0	0	0	5	4	0	0	0	1	0	0	0	0	0	0	0	0	0	0	0	0
OTU241	0	0	0	0	0	0	0	0	0	0	0	0	7	19	2	0	0	0	1	0	0	0	0	0	0	0	0	0	0	0
OTU1106	0	0	0	0	0	0	0	0	0	0	0	0	19	0	6	8	1	0	0	0	0	0	0	0	0	0	0	2	0	0
OTU935	0	0	0	0	0	0	0	0	0	0	0	0	5	0	0	0	0	0	0	0	0	0	0	0	0	0	0	0	0	0
OTU895	0	0	0	0	0	0	0	0	0	0	0	0	1	3	0	0	0	0	0	0	0	0	0	0	0	0	0	0	0	0
OTU1142	0	0	0	0	0	0	0	0	0	0	0	0	1	2	1	0	0	0	0	0	0	0	0	0	0	0	1	0	0	0
OTU890	0	0	0	0	0	0	0	0	0	0	0	0	4	0	0	0	0	0	0	0	0	0	0	0	0	0	0	0	0	0
OTU502	0	0	0	0	0	0	0	0	0	0	0	0	18	0	0	0	0	0	0	0	0	0	0	0	0	0	0	0	0	0
OTU907	0	0	0	0	0	0	0	0	0	0	0	0	1	0	0	0	2	0	3	0	0	0	0	0	0	0	0	0	0	0
OTU481	0	0	0	0	0	0	0	0	0	0	0	0	17	0	0	0	0	0	0	0	0	0	0	0	0	0	0	0	0	0
OTU877	0	0	0	0	0	0	0	0	0	0	0	0	5	0	1	1	0	0	0	0	0	0	1	0	0	0	3	0	0	0
OTU1387	0	0	0	0	0	0	0	0	0	0	0	0	3	0	0	0	0	0	0	0	0	0	0	0	0	0	0	0	0	0
OTU1151	0	0	0	0	0	0	0	0	0	0	0	0	2	0	0	0	0	0	0	0	0	0	0	0	0	0	0	0	0	0
OTU1292	0	0	0	0	0	0	0	0	0	0	0	0	2	0	0	0	0	0	0	0	0	0	0	0	0	0	0	0	0	0
OTU800	0	0	0	0	0	0	0	0	0	0	0	0	10	0	0	0	0	0	0	0	0	0	0	0	0	0	0	0	0	0
OTU496	0	0	0	0	0	0	0	0	0	0	0	0	4	0	2	0	9	0	0	0	0	0	0	0	0	1	1	0	0	8
OTU1391	0	0	0	0	0	0	0	0	0	0	0	0	18	0	6	2	3	2	4	0	0	0	0	0	0	0	0	11	0	0
OTU1032	0	0	0	0	0	0	0	0	0	0	0	0	3	0	0	0	0	0	0	0	0	0	0	0	0	0	0	0	0	0
OTU285	0	0	0	0	0	0	0	0	0	0	0	0	1	0	17	0	0	0	0	0	0	0	0	0	0	0	0	0	0	0
OTU951	0	0	0	0	0	0	0	0	0	0	0	0	1	0	0	0	0	0	0	0	0	3	0	0	0	0	0	0	0	0
OTU1411	0	0	0	0	0	0	0	0	0	0	0	0	2	2	8	2	0	0	0	0	0	0	0	0	0	0	0	2	0	0
OTU404	0	0	0	0	0	0	0	0	0	0	0	0	2	0	13	0	0	0	0	0	0	0	0	0	0	0	0	0	0	0
OTU1383	0	0	0	0	0	0	0	0	0	0	0	0	2	0	0	0	0	0	0	0	0	0	0	0	0	0	2	0	0	0
OTU623	0	0	0	0	0	0	0	0	0	0	0	0	1	0	10	0	0	0	0	1	0	0	0	0	0	0	0	5	0	0
OTU289	0	0	0	0	0	0	0	0	0	0	0	0	2	0	6	0	2	0	8	0	0	0	0	2	4	5	11	0	1	0
OTU898	0	0	0	0	0	0	0	0	0	0	0	0	3	1	1	1	0	0	0	0	0	1	0	1	0	0	0	0	0	0
OTU732	0	0	0	0	0	0	0	0	0	0	0	0	4	3	0	0	0	0	0	0	0	0	0	0	0	0	0	0	0	0
OTU1330	0	0	0	0	0	0	0	0	0	0	0	0	2	0	0	0	0	0	0	0	0	0	0	0	0	0	0	0	0	0
OTU863	0	0	0	0	0	0	0	0	0	0	0	0	5	0	0	0	0	0	0	0	0	0	0	0	0	0	0	0	0	0
OTU521	0	0	0	0	0	0	0	0	0	0	0	0	7	0	0	0	0	0	0	0	0	0	0	0	0	0	0	0	0	0
OTU1149	0	0	0	0	0	0	0	0	0	0	0	0	2	0	0	0	0	0	0	0	0	0	0	0	0	0	0	0	0	0
OTU458	0	0	0	0	0	0	0	0	0	0	0	0	3	0	11	12	0	0	0	0	0	0	0	0	0	0	0	0	0	0
OTU1029	0	0	0	0	0	0	0	0	0	0	0	0	2	0	0	0	0	0	0	0	0	0	0	0	0	0	0	0	0	0
OTU1175	0	0	0	0	0	0	0	0	0	0	0	0	2	0	0	0	0	0	0	0	0	0	0	0	0	0	0	0	2	0
OTU912	0	0	0	0	0	0	0	0	0	0	0	0	3	1	1	1	0	0	0	0	0	0	0	0	0	0	1	0	0	0
OTU1313	0	0	0	0	0	0	0	0	0	0	0	0	4	0	0	0	0	0	0	0	0	0	0	0	0	0	0	0	0	0
OTU492	0	0	0	0	0	0	0	0	0	0	0	0	2	11	1	0	0	12	0	0	0	0	0	0	0	0	0	3	0	0
OTU1045	0	0	0	0	0	0	0	0	0	0	0	0	2	0	1	0	0	0	0	0	0	0	0	0	2	0	0	0	0	0
OTU534	0	0	0	0	0	0	0	0	0	0	0	0	2	10	0	6	0	0	0	0	0	0	0	0	0	0	0	0	0	0
OTU1240	0	0	0	0	0	0	0	0	0	0	0	0	2	0	0	0	0	0	0	0	0	0	0	0	0	0	0	0	0	0
OTU1403	0	0	0	0	0	0	0	0	0	0	0	0	1	1	2	0	0	0	0	0	0	0	0	0	0	0	0	1	0	0
OTU820	0	0	0	0	0	0	0	0	0	0	0	0	1	4	3	0	0	0	0	0	0	0	0	0	0	0	0	0	0	0
OTU767	0	0	0	0	0	0	0	0	0	0	0	0	6	0	0	0	0	0	0	0	0	0	0	0	0	0	0	0	0	0
OTU1268	0	0	0	0	0	0	0	0	0	0	0	0	1	0	0	0	0	0	0	0	0	0	0	0	1	0	0	2	0	0
OTU1357	0	0	0	0	0	0	0	0	0	0	0	0	1	0	0	0	0	0	0	0	4	0	0	0	0	0	0	0	0	0
OTU948	0	0	0	0	0	0	0	0	0	0	0	0	1	2	4	3	0	0	0	0	0	0	0	0	0	0	3	0	0	0
OTU475	0	0	0	0	0	0	0	0	0	0	0	0	1	0	2	0	0	0	0	0	0	0	0	0	5	0	0	2	0	0
OTU1425	0	0	0	0	0	0	0	0	0	0	0	0	1	0	0	0	0	0	1	0	0	0	0	0	0	0	0	3	0	0
OTU1120	0	0	0	0	0	0	0	0	0	0	0	0	1	0	2	1	0	0	0	0	0	0	0	0	0	0	0	0	0	0
OTU1287	0	0	0	0	0	0	0	0	0	0	0	0	0	3	1	0	0	0	0	0	0	0	0	0	0	0	0	0	0	0
OTU1159	0	0	0	0	0	0	0	0	0	0	0	0	0	6	0	0	0	0	0	0	0	0	0	0	0	0	0	0	0	0
OTU685	0	0	0	0	0	0	0	0	0	0	0	0	0	6	0	0	0	0	0	0	0	0	0	0	0	0	0	0	0	0
OTU754	0	0	0	0	0	0	0	0	0	0	0	0	0	7	0	0	0	0	0	0	0	0	0	1	0	0	0	0	0	0
OTU320	0	0	0	0	0	0	0	0	0	0	0	0	0	3	0	0	2	9	7	0	0	0	0	0	0	1	0	0	0	0
OTU1335	0	0	0	0	0	0	0	0	0	0	0	0	0	3	1	0	0	0	0	0	0	0	0	0	0	0	0	0	0	0
OTU682	0	0	0	0	0	0	0	0	0	0	0	0	0	4	7	0	0	0	1	0	0	0	0	0	0	0	0	0	0	0
OTU423	0	0	0	0	0	0	0	0	0	0	0	0	0	1	12	0	0	0	0	0	0	0	0	0	0	0	0	0	0	0
OTU803	0	0	0	0	0	0	0	0	0	0	0	0	0	3	0	0	0	0	0	0	0	0	0	0	0	0	0	0	0	0
OTU1223	0	0	0	0	0	0	0	0	0	0	0	0	0	2	0	0	0	0	0	0	0	0	0	0	0	0	0	0	0	0
OTU318	0	0	0	0	0	0	0	0	0	0	0	0	0	18	2	0	0	0	0	0	0	0	0	0	0	0	0	0	0	0
OTU1003	0	0	0	0	0	0	0	0	0	0	0	0	0	2	0	0	0	0	0	0	0	0	0	0	0	0	0	0	0	0
OTU603	0	0	0	0	0	0	0	0	0	0	0	0	0	1	12	2	0	0	0	0	0	0	0	0	0	0	0	0	0	0
OTU661	0	0	0	0	0	0	0	0	0	0	0	0	0	5	0	0	0	0	0	1	0	0	0	1	0	0	0	0	0	0
OTU1004	0	0	0	0	0	0	0	0	0	0	0	0	0	1	1	0	0	0	0	0	0	0	0	0	0	0	0	0	0	0
OTU592	0	0	0	0	0	0	0	0	0	0	0	0	0	2	1	4	0	0	4	0	0	0	0	0	0	0	1	0	0	0
OTU1294	0	0	0	0	0	0	0	0	0	0	0	0	0	1	0	0	0	0	2	0	0	0	0	0	0	0	0	0	1	0
OTU809	0	0	0	0	0	0	0	0	0	0	0	0	0	3	0	0	0	0	0	0	0	0	0	0	0	0	0	0	0	0
OTU507	0	0	0	0	0	0	0	0	0	0	0	0	0	6	0	0	3	0	0	0	0	0	3	0	0	0	2	0	0	2
OTU1007	0	0	0	0	0	0	0	0	0	0	0	0	0	2	0	0	0	0	0	0	0	0	0	0	0	0	0	0	0	0
OTU1014	0	0	0	0	0	0	0	0	0	0	0	0	0	1	5	0	0	0	0	0	0	0	0	0	0	0	1	0	0	0
OTU669	0	0	0	0	0	0	0	0	0	0	0	0	0	7	1	0	0	0	0	0	0	0	0	0	0	0	0	0	0	0
OTU716	0	0	0	0	0	0	0	0	0	0	0	0	0	1	4	0	0	0	0	0	0	0	0	0	0	0	0	0	0	0
OTU643	0	0	0	0	0	0	0	0	0	0	0	0	0	1	8	0	0	0	0	0	0	0	0	0	0	0	0	0	0	0
OTU1402	0	0	0	0	0	0	0	0	0	0	0	0	0	1	0	0	0	0	1	0	0	0	0	0	0	0	0	0	0	0
OTU1414	0	0	0	0	0	0	0	0	0	0	0	0	0	1	0	0	16	0	0	0	6	0	0	0	0	0	0	0	0	0
OTU524	0	0	0	0	0	0	0	0	0	0	0	0	0	0	7	0	0	0	0	0	1	1	0	0	0	0	0	0	0	0
OTU425	0	0	0	0	0	0	0	0	0	0	0	0	0	0	35	0	0	0	0	2	0	0	1	0	0	0	0	0	0	0
OTU1253	0	0	0	0	0	0	0	0	0	0	0	0	0	0	6	0	0	0	0	0	0	0	0	0	0	0	0	0	0	0
OTU1018	0	0	0	0	0	0	0	0	0	0	0	0	0	0	4	0	0	0	0	0	0	0	0	0	0	0	1	0	0	0
OTU778	0	0	0	0	0	0	0	0	0	0	0	0	0	0	14	1	0	0	0	0	0	0	0	0	0	0	0	0	0	0
OTU977	0	0	0	0	0	0	0	0	0	0	0	0	0	0	12	0	0	0	0	0	0	0	0	0	0	0	0	0	0	0
OTU1388	0	0	0	0	0	0	0	0	0	0	0	0	0	0	8	0	0	0	0	0	0	0	0	0	0	0	0	0	0	0
OTU1379	0	0	0	0	0	0	0	0	0	0	0	0	0	0	3	0	0	0	0	0	0	0	0	0	0	0	0	0	0	0
OTU568	0	0	0	0	0	0	0	0	0	0	0	0	0	0	9	0	0	0	0	0	0	0	0	0	0	0	0	0	0	0
OTU254	0	0	0	0	0	0	0	0	0	0	0	0	0	0	37	0	6	0	1	0	1	0	0	0	0	0	0	0	0	0
OTU1041	0	0	0	0	0	0	0	0	0	0	0	0	0	0	10	0	0	0	0	0	0	0	0	0	0	0	0	0	0	0
OTU920	0	0	0	0	0	0	0	0	0	0	0	0	0	0	3	0	0	0	4	0	0	0	0	0	0	0	0	0	3	0
OTU559	0	0	0	0	0	0	0	0	0	0	0	0	0	0	12	0	0	0	0	0	0	0	0	0	0	0	0	0	0	0
OTU414	0	0	0	0	0	0	0	0	0	0	0	0	0	0	11	0	0	0	0	0	0	0	0	0	0	0	0	0	0	0
OTU743	0	0	0	0	0	0	0	0	0	0	0	0	0	0	7	0	0	0	0	0	0	0	0	0	0	0	0	1	0	2
OTU1384	0	0	0	0	0	0	0	0	0	0	0	0	0	0	4	0	0	0	0	0	2	0	0	0	0	0	0	0	0	0
OTU794	0	0	0	0	0	0	0	0	0	0	0	0	0	0	3	0	0	0	0	0	0	0	0	0	0	0	0	0	0	0
OTU1319	0	0	0	0	0	0	0	0	0	0	0	0	0	0	2	1	0	0	0	0	0	0	0	0	0	0	0	0	0	0
OTU1297	0	0	0	0	0	0	0	0	0	0	0	0	0	0	2	0	0	0	0	0	0	0	0	0	0	0	0	0	0	0
OTU668	0	0	0	0	0	0	0	0	0	0	0	0	0	0	5	0	0	0	0	0	0	0	0	0	0	0	0	0	1	0
OTU1430	0	0	0	0	0	0	0	0	0	0	0	0	0	0	3	0	0	0	0	0	0	0	0	0	0	0	0	0	0	0
OTU779	0	0	0	0	0	0	0	0	0	0	0	0	0	0	8	0	0	0	0	0	0	0	0	0	0	0	0	0	0	0
OTU1190	0	0	0	0	0	0	0	0	0	0	0	0	0	0	2	0	0	0	0	0	0	0	0	0	0	0	0	0	0	0
OTU1114	0	0	0	0	0	0	0	0	0	0	0	0	0	0	4	0	0	0	0	0	0	0	0	0	0	0	0	0	0	0
OTU1393	0	0	0	0	0	0	0	0	0	0	0	0	0	0	6	0	0	0	0	0	0	0	0	0	0	0	0	0	0	0
OTU1092	0	0	0	0	0	0	0	0	0	0	0	0	0	0	3	0	0	0	0	0	0	0	0	0	0	0	0	0	0	0
OTU1395	0	0	0	0	0	0	0	0	0	0	0	0	0	0	2	0	0	0	0	0	0	0	0	0	0	0	0	0	0	0
OTU677	0	0	0	0	0	0	0	0	0	0	0	0	0	0	5	0	0	0	0	0	0	0	0	0	0	0	0	0	0	0
OTU983	0	0	0	0	0	0	0	0	0	0	0	0	0	0	3	0	0	0	0	0	0	0	0	0	0	0	0	0	0	0
OTU953	0	0	0	0	0	0	0	0	0	0	0	0	0	0	4	0	0	0	0	0	0	0	0	0	0	0	0	0	0	0
OTU1195	0	0	0	0	0	0	0	0	0	0	0	0	0	0	3	0	0	0	0	0	0	0	0	0	0	0	0	0	0	0
OTU679	0	0	0	0	0	0	0	0	0	0	0	0	0	0	4	2	0	0	0	0	0	0	0	0	0	0	0	0	0	0
OTU693	0	0	0	0	0	0	0	0	0	0	0	0	0	0	6	0	0	0	0	0	0	0	0	0	0	0	0	0	0	0
OTU1353	0	0	0	0	0	0	0	0	0	0	0	0	0	0	4	0	0	0	0	0	0	0	0	0	0	0	0	0	0	0
OTU1340	0	0	0	0	0	0	0	0	0	0	0	0	0	0	2	0	0	0	0	0	0	0	0	0	0	0	0	0	0	0
OTU1132	0	0	0	0	0	0	0	0	0	0	0	0	0	0	4	0	0	0	0	0	0	0	0	0	0	0	0	0	0	0
OTU995	0	0	0	0	0	0	0	0	0	0	0	0	0	0	4	0	0	0	0	0	0	0	0	0	0	0	0	0	0	0
OTU909	0	0	0	0	0	0	0	0	0	0	0	0	0	0	4	1	0	0	1	0	0	0	0	0	0	0	0	0	0	0
OTU1091	0	0	0	0	0	0	0	0	0	0	0	0	0	0	3	0	0	0	0	0	0	0	0	0	0	0	0	0	0	0
OTU666	0	0	0	0	0	0	0	0	0	0	0	0	0	0	9	0	0	0	0	0	0	0	0	0	0	0	0	0	0	0
OTU1115	0	0	0	0	0	0	0	0	0	0	0	0	0	0	2	0	0	0	0	0	0	0	0	0	0	0	0	0	0	0
OTU1422	0	0	0	0	0	0	0	0	0	0	0	0	0	0	3	0	0	0	0	0	0	0	1	0	0	0	0	0	0	0
OTU1251	0	0	0	0	0	0	0	0	0	0	0	0	0	0	3	0	0	0	0	0	0	0	0	0	0	0	0	0	0	0
OTU990	0	0	0	0	0	0	0	0	0	0	0	0	0	0	3	0	0	0	0	0	0	0	0	0	0	0	0	0	0	0
OTU1397	0	0	0	0	0	0	0	0	0	0	0	0	0	0	2	0	0	0	1	0	0	0	0	0	0	0	0	0	0	0
OTU1280	0	0	0	0	0	0	0	0	0	0	0	0	0	0	2	0	0	0	0	0	0	0	0	0	0	0	0	0	0	0
OTU739	0	0	0	0	0	0	0	0	0	0	0	0	0	0	1	5	0	0	0	0	0	0	0	0	0	0	0	0	0	0
OTU1130	0	0	0	0	0	0	0	0	0	0	0	0	0	0	1	2	0	0	0	0	0	0	0	0	0	0	0	0	0	0
OTU757	0	0	0	0	0	0	0	0	0	0	0	0	0	0	4	0	0	0	0	0	0	0	0	0	0	0	0	0	0	0
OTU1193	0	0	0	0	0	0	0	0	0	0	0	0	0	0	4	0	0	0	0	0	0	0	0	0	0	0	0	0	0	0
OTU1174	0	0	0	0	0	0	0	0	0	0	0	0	0	0	3	0	0	0	0	0	0	0	0	0	0	0	0	0	0	0
OTU1186	0	0	0	0	0	0	0	0	0	0	0	0	0	0	3	0	0	0	0	0	0	0	0	0	0	0	0	0	0	0
OTU1180	0	0	0	0	0	0	0	0	0	0	0	0	0	0	5	0	0	0	0	0	0	0	0	0	0	0	0	0	0	0
OTU1087	0	0	0	0	0	0	0	0	0	0	0	0	0	0	2	0	0	0	0	0	0	0	0	0	0	0	0	0	0	0
OTU827	0	0	0	0	0	0	0	0	0	0	0	0	0	0	3	0	0	0	0	0	0	0	0	0	0	0	0	0	0	0
OTU1043	0	0	0	0	0	0	0	0	0	0	0	0	0	0	2	0	0	0	0	0	0	0	0	0	0	0	0	0	0	0
OTU1398	0	0	0	0	0	0	0	0	0	0	0	0	0	0	2	0	0	0	0	0	0	0	0	0	0	0	0	0	0	0
OTU1401	0	0	0	0	0	0	0	0	0	0	0	0	0	0	4	0	0	0	0	0	0	0	0	0	0	0	0	0	0	0
OTU701	0	0	0	0	0	0	0	0	0	0	0	0	0	0	1	6	0	0	0	1	0	0	0	0	0	0	0	0	0	0
OTU482	0	0	0	0	0	0	0	0	0	0	0	0	0	0	0	8	0	7	0	0	0	0	0	0	0	0	0	0	0	0
OTU1205	0	0	0	0	0	0	0	0	0	0	0	0	0	0	0	15	0	0	0	0	0	0	0	0	0	0	0	0	0	0
OTU1301	0	0	0	0	0	0	0	0	0	0	0	0	0	0	0	2	0	0	0	0	0	0	0	0	0	0	0	0	0	0
OTU1049	0	0	0	0	0	0	0	0	0	0	0	0	0	0	0	6	0	0	0	0	1	0	0	0	0	0	0	0	0	0
OTU987	0	0	0	0	0	0	0	0	0	0	0	0	0	0	0	3	0	0	0	0	0	0	0	0	0	0	0	0	0	0
OTU899	0	0	0	0	0	0	0	0	0	0	0	0	0	0	0	2	0	0	0	1	2	0	0	0	0	0	0	0	0	0
OTU962	0	0	0	0	0	0	0	0	0	0	0	0	0	0	0	6	0	0	0	0	0	0	0	0	0	0	0	0	0	0
OTU1171	0	0	0	0	0	0	0	0	0	0	0	0	0	0	0	4	0	0	0	0	0	0	0	0	0	0	0	0	0	0
OTU851	0	0	0	0	0	0	0	0	0	0	0	0	0	0	0	6	0	0	0	0	0	0	0	0	0	0	0	0	0	0
OTU1441	0	0	0	0	0	0	0	0	0	0	0	0	0	0	0	2	0	0	0	0	0	0	0	0	0	0	0	0	0	0
OTU1040	0	0	0	0	0	0	0	0	0	0	0	0	0	0	0	10	0	0	0	0	0	0	0	0	0	0	0	0	0	0
OTU647	0	0	0	0	0	0	0	0	0	0	0	0	0	0	0	1	0	0	0	0	0	0	0	0	0	0	0	0	0	0
OTU1169	0	0	0	0	0	0	0	0	0	0	0	0	0	0	0	2	0	0	0	0	0	0	0	0	0	0	0	0	0	0
OTU1298	0	0	0	0	0	0	0	0	0	0	0	0	0	0	0	3	0	0	0	0	0	0	0	0	0	0	0	0	0	0
OTU1227	0	0	0	0	0	0	0	0	0	0	0	0	0	0	0	2	0	0	0	0	1	0	0	0	2	0	0	0	0	0
OTU1300	0	0	0	0	0	0	0	0	0	0	0	0	0	0	0	0	1	0	3	0	0	0	0	0	0	0	0	0	0	0
OTU1312	0	0	0	0	0	0	0	0	0	0	0	0	0	0	0	0	2	0	1	0	0	0	0	0	0	0	0	0	0	0
OTU715	0	0	0	0	0	0	0	0	0	0	0	0	0	0	0	0	6	0	0	0	0	0	0	0	0	0	0	0	0	0
OTU1218	0	0	0	0	0	0	0	0	0	0	0	0	0	0	0	0	3	0	0	0	2	0	0	0	0	0	0	0	0	0
OTU1305	0	0	0	0	0	0	0	0	0	0	0	0	0	0	0	0	2	0	0	0	0	0	0	0	0	0	0	0	0	0
OTU1231	0	0	0	0	0	0	0	0	0	0	0	0	0	0	0	0	2	0	0	0	0	0	0	0	0	0	0	0	0	0
OTU255	0	0	0	0	0	0	0	0	0	0	0	0	0	0	0	0	1	0	27	0	0	0	0	3	0	0	0	0	0	0
OTU979	0	0	0	0	0	0	0	0	0	0	0	0	0	0	0	0	1	0	0	1	0	0	1	1	0	0	1	0	0	1
OTU1219	0	0	0	0	0	0	0	0	0	0	0	0	0	0	0	0	2	0	0	0	0	0	0	0	0	0	0	0	0	0
OTU960	0	0	0	0	0	0	0	0	0	0	0	0	0	0	0	0	2	0	0	0	0	0	1	0	0	0	0	0	0	0
OTU121	0	0	0	0	0	0	0	0	0	0	0	0	0	0	0	0	1	0	0	0	0	1	4	2	0	0	10	0	2	47
OTU857	0	0	0	0	0	0	0	0	0	0	0	0	0	0	0	0	2	0	1	0	0	0	0	0	0	0	0	5	0	0
OTU1249	0	0	0	0	0	0	0	0	0	0	0	0	0	0	0	0	4	0	0	0	0	0	0	0	0	0	0	0	0	0
OTU452	0	0	0	0	0	0	0	0	0	0	0	0	0	0	0	0	0	10	0	0	0	0	0	0	0	0	0	0	0	0
OTU326	0	0	0	0	0	0	0	0	0	0	0	0	0	0	0	0	0	16	0	0	0	0	0	0	0	0	0	0	0	0
OTU640	0	0	0	0	0	0	0	0	0	0	0	0	0	0	0	0	0	6	0	0	0	0	0	0	0	0	0	0	0	0
OTU673	0	0	0	0	0	0	0	0	0	0	0	0	0	0	0	0	0	1	0	0	0	0	0	0	0	0	1	5	1	0
OTU1163	0	0	0	0	0	0	0	0	0	0	0	0	0	0	0	0	0	3	0	0	0	0	0	0	0	0	0	0	0	0
OTU1307	0	0	0	0	0	0	0	0	0	0	0	0	0	0	0	0	0	2	0	0	0	0	0	0	0	0	0	0	0	0
OTU1088	0	0	0	0	0	0	0	0	0	0	0	0	0	0	0	0	0	0	2	0	0	0	0	0	0	0	0	0	0	0
OTU742	0	0	0	0	0	0	0	0	0	0	0	0	0	0	0	0	0	0	4	0	0	0	0	0	0	0	1	0	0	0
OTU906	0	0	0	0	0	0	0	0	0	0	0	0	0	0	0	0	0	0	1	0	0	0	0	0	0	0	3	0	0	0
OTU1299	0	0	0	0	0	0	0	0	0	0	0	0	0	0	0	0	0	0	1	0	0	0	0	1	0	0	0	0	0	0
OTU881	0	0	0	0	0	0	0	0	0	0	0	0	0	0	0	0	0	0	0	3	0	0	0	0	0	0	0	0	0	0
OTU346	0	0	0	0	0	0	0	0	0	0	0	0	0	0	0	0	0	0	0	14	0	0	1	0	0	0	0	0	0	6
OTU394	0	0	0	0	0	0	0	0	0	0	0	0	0	0	0	0	0	0	0	7	13	1	0	0	0	0	0	1	0	0
OTU894	0	0	0	0	0	0	0	0	0	0	0	0	0	0	0	0	0	0	0	4	0	0	0	0	0	0	0	0	0	0
OTU1358	0	0	0	0	0	0	0	0	0	0	0	0	0	0	0	0	0	0	0	2	0	0	0	0	0	0	0	0	0	0
OTU284	0	0	0	0	0	0	0	0	0	0	0	0	0	0	0	0	0	0	0	2	1	7	9	0	0	0	0	0	0	0
OTU1028	0	0	0	0	0	0	0	0	0	0	0	0	0	0	0	0	0	0	0	2	0	0	0	0	0	0	0	0	0	0
OTU1148	0	0	0	0	0	0	0	0	0	0	0	0	0	0	0	0	0	0	0	2	0	0	0	0	0	0	0	0	0	0
OTU1346	0	0	0	0	0	0	0	0	0	0	0	0	0	0	0	0	0	0	0	2	0	0	0	0	0	0	0	0	0	0
OTU1135	0	0	0	0	0	0	0	0	0	0	0	0	0	0	0	0	0	0	0	0	2	0	0	0	0	0	0	0	0	0
OTU609	0	0	0	0	0	0	0	0	0	0	0	0	0	0	0	0	0	0	0	0	1	0	0	0	0	0	1	0	2	5
OTU595	0	0	0	0	0	0	0	0	0	0	0	0	0	0	0	0	0	0	0	0	26	0	0	0	0	0	0	0	0	0
OTU605	0	0	0	0	0	0	0	0	0	0	0	0	0	0	0	0	0	0	0	0	4	0	0	0	0	0	0	0	0	0
OTU1078	0	0	0	0	0	0	0	0	0	0	0	0	0	0	0	0	0	0	0	0	2	0	0	0	0	0	0	0	0	0
OTU704	0	0	0	0	0	0	0	0	0	0	0	0	0	0	0	0	0	0	0	0	4	0	0	0	0	0	0	0	0	0
OTU1415	0	0	0	0	0	0	0	0	0	0	0	0	0	0	0	0	0	0	0	0	3	0	0	0	0	0	0	0	1	0
OTU1208	0	0	0	0	0	0	0	0	0	0	0	0	0	0	0	0	0	0	0	0	2	0	0	0	0	0	0	0	0	0
OTU1033	0	0	0	0	0	0	0	0	0	0	0	0	0	0	0	0	0	0	0	0	4	0	0	0	0	0	0	0	0	0
OTU1318	0	0	0	0	0	0	0	0	0	0	0	0	0	0	0	0	0	0	0	0	1	1	0	0	0	0	0	0	0	0
OTU1084	0	0	0	0	0	0	0	0	0	0	0	0	0	0	0	0	0	0	0	0	2	0	0	0	0	0	0	0	0	0
OTU1437	0	0	0	0	0	0	0	0	0	0	0	0	0	0	0	0	0	0	0	0	2	0	0	0	0	0	0	0	0	0
OTU1246	0	0	0	0	0	0	0	0	0	0	0	0	0	0	0	0	0	0	0	0	2	0	0	0	0	0	0	0	0	0
OTU1306	0	0	0	0	0	0	0	0	0	0	0	0	0	0	0	0	0	0	0	0	2	0	0	0	0	0	0	0	0	0
OTU1257	0	0	0	0	0	0	0	0	0	0	0	0	0	0	0	0	0	0	0	0	2	0	0	0	0	0	0	0	0	0
OTU472	0	0	0	0	0	0	0	0	0	0	0	0	0	0	0	0	0	0	0	0	2	1	2	4	0	0	0	0	0	1
OTU469	0	0	0	0	0	0	0	0	0	0	0	0	0	0	0	0	0	0	0	0	0	8	0	0	0	0	0	0	0	0
OTU787	0	0	0	0	0	0	0	0	0	0	0	0	0	0	0	0	0	0	0	0	0	5	0	0	0	0	0	0	0	0
OTU1123	0	0	0	0	0	0	0	0	0	0	0	0	0	0	0	0	0	0	0	0	0	2	0	0	0	0	0	0	0	0
OTU813	0	0	0	0	0	0	0	0	0	0	0	0	0	0	0	0	0	0	0	0	0	3	0	0	0	0	0	0	0	0
OTU1329	0	0	0	0	0	0	0	0	0	0	0	0	0	0	0	0	0	0	0	0	0	2	0	0	0	0	0	0	0	0
OTU807	0	0	0	0	0	0	0	0	0	0	0	0	0	0	0	0	0	0	0	0	0	0	0	0	0	0	0	0	0	0
OTU1113	0	0	0	0	0	0	0	0	0	0	0	0	0	0	0	0	0	0	0	0	0	0	2	0	0	0	0	0	0	0
OTU545	0	0	0	0	0	0	0	0	0	0	0	0	0	0	0	0	0	0	0	0	0	0	0	6	0	0	0	0	0	0
OTU1245	0	0	0	0	0	0	0	0	0	0	0	0	0	0	0	0	0	0	0	0	0	0	0	2	0	0	0	0	0	0
OTU784	0	0	0	0	0	0	0	0	0	0	0	0	0	0	0	0	0	0	0	0	0	0	0	0	4	0	0	1	0	0
OTU399	0	0	0	0	0	0	0	0	0	0	0	0	0	0	0	0	0	0	0	0	0	0	0	0	14	0	2	0	0	0
OTU1370	0	0	0	0	0	0	0	0	0	0	0	0	0	0	0	0	0	0	0	0	0	0	0	0	0	2	0	0	0	1
OTU1056	0	0	0	0	0	0	0	0	0	0	0	0	0	0	0	0	0	0	0	0	0	0	0	0	0	0	2	0	0	0
OTU380	0	0	0	0	0	0	0	0	0	0	0	0	0	0	0	0	0	0	0	0	0	0	0	0	0	0	13	0	0	0
OTU1161	0	0	0	0	0	0	0	0	0	0	0	0	0	0	0	0	0	0	0	0	0	0	0	0	0	0	4	0	0	0
OTU1076	0	0	0	0	0	0	0	0	0	0	0	0	0	0	0	0	0	0	0	0	0	0	0	0	0	0	2	0	0	0
OTU1194	0	0	0	0	0	0	0	0	0	0	0	0	0	0	0	0	0	0	0	0	0	0	0	0	0	0	2	0	0	0
OTU758	0	0	0	0	0	0	0	0	0	0	0	0	0	0	0	0	0	0	0	0	0	0	0	0	0	0	5	4	0	0
OTU786	0	0	0	0	0	0	0	0	0	0	0	0	0	0	0	0	0	0	0	0	0	0	0	0	0	0	5	0	0	0
OTU1262	0	0	0	0	0	0	0	0	0	0	0	0	0	0	0	0	0	0	0	0	0	0	0	0	0	0	2	0	0	0
OTU1348	0	0	0	0	0	0	0	0	0	0	0	0	0	0	0	0	0	0	0	0	0	0	0	0	0	0	3	0	0	0
OTU802	0	0	0	0	0	0	0	0	0	0	0	0	0	0	0	0	0	0	0	0	0	0	0	0	0	0	3	0	0	0
OTU974	0	0	0	0	0	0	0	0	0	0	0	0	0	0	0	0	0	0	0	0	0	0	0	0	0	0	3	0	0	0
OTU1141	0	0	0	0	0	0	0	0	0	0	0	0	0	0	0	0	0	0	0	0	0	0	0	0	0	0	0	3	0	0
OTU664	0	0	0	0	0	0	0	0	0	0	0	0	0	0	0	0	0	0	0	0	0	0	0	0	0	0	0	5	0	0
OTU1337	0	0	0	0	0	0	0	0	0	0	0	0	0	0	0	0	0	0	0	0	0	0	0	0	0	0	0	2	0	0
OTU1102	0	0	0	0	0	0	0	0	0	0	0	0	0	0	0	0	0	0	0	0	0	0	0	0	0	0	0	0	0	2
OTU972	0	0	0	0	0	0	0	0	0	0	0	0	0	0	0	0	0	0	0	0	0	0	0	0	0	0	0	0	0	0
OTU804	0	0	0	0	0	0	0	0	0	0	0	0	0	0	0	0	0	0	0	0	0	0	0	0	0	0	0	0	0	0
OTU764	0	0	0	0	0	0	0	0	0	0	0	0	0	0	0	0	0	0	0	0	0	0	0	0	0	0	0	0	4	0
OTU931	0	0	0	0	0	0	0	0	0	0	0	0	0	0	0	0	0	0	0	0	0	0	0	0	0	0	0	0	4	0
OTU1255	0	0	0	0	0	0	0	0	0	0	0	0	0	0	0	0	0	0	0	0	0	0	0	0	0	0	0	0	2	0
OTU1089	0	0	0	0	0	0	0	0	0	0	0	0	0	0	0	0	0	0	0	0	0	0	0	0	0	0	0	0	2	0
OTU806	0	0	0	0	0	0	0	0	0	0	0	0	0	0	0	0	0	0	0	0	0	0	0	0	0	0	0	0	3	0
OTU433	0	0	0	0	0	0	0	0	0	0	0	0	0	0	0	0	0	0	0	0	0	0	0	0	0	0	0	0	9	0
OTU867	0	0	0	0	0	0	0	0	0	0	0	0	0	0	0	0	0	0	0	0	0	0	0	0	0	0	0	0	3	0
OTU357	0	0	0	0	0	0	0	0	0	0	0	0	0	0	0	0	0	0	0	0	0	0	0	0	0	0	0	0	14	0
OTU341	0	0	0	0	0	0	0	0	0	0	0	0	0	0	0	0	0	0	0	0	0	0	0	0	0	0	0	0	15	0
OTU620	0	0	0	0	0	0	0	0	0	0	0	0	0	0	0	0	0	0	0	0	0	0	0	0	0	0	0	0	5	0
OTU1276	0	0	0	0	0	0	0	0	0	0	0	0	0	0	0	0	0	0	0	0	0	0	0	0	0	0	0	0	2	0
OTU914	0	0	0	0	0	0	0	0	0	0	0	0	0	0	0	0	0	0	0	0	0	0	0	0	0	0	0	0	3	0
OTU1372	0	0	0	0	0	0	0	0	0	0	0	0	0	0	0	0	0	0	0	0	0	0	0	0	0	0	0	0	0	2
OTU956	0	0	0	0	0	0	0	0	0	0	0	0	0	0	0	0	0	0	0	0	0	0	0	0	0	0	0	0	0	3
OTU1062	0	0	0	0	0	0	0	0	0	0	0	0	0	0	0	0	0	0	0	0	0	0	0	0	0	0	0	0	0	2
OTU1188	0	0	0	0	0	0	0	0	0	0	0	0	0	0	0	0	0	0	0	0	0	0	0	0	0	0	0	0	0	0
OTU1429	0	0	0	0	0	0	0	0	0	0	0	0	0	0	0	0	0	0	0	0	0	0	0	0	0	0	0	0	0	0
