2
1224
2037
356
80840
28211
976
72274
135614
1236
1760
204457
200666
28216
200644
29
204458
768507
1385
112
57723
74201
91347
1239
204455
588673
414999
28221
204441
32064
117743
171549
200795
1117
186802
204433
48461
332160
135613
32003
1161
91061
135622
51291
2157
32061
189778
651137
206389
69541
203682
118969
189775
388448
186801
134549
219686
213115
206350
118964
188787
94695
85001
2235
1118
136
84999
28890
135618
191411
68933
1100069
206351
1150
186826
909929
31932
766
135623
213481
85004
135619
224756
713636
189772
649776
2191
135624
68295
307595
72273
213118
574975
213462
32069
213849
225057
183924
29547
256845
570264
135625
475963
666506
301297
203491
526525
2419
795748
135615
292629
415001
53433
84996
2258
278081
189776
2281
84993
580371
453227
205948
218872
2182
2158
191393
2266
114380
2085
1212
74152
119069
1189
2301
2231
235899
471822
717963
186329
265317
31969
1202465
1191478
742030
255473
203487
641854
