0.16901
0.16563
0.16441
0.16901
0.16858
0.16441
0.15817
0.15632
0.16901
0.16441
0.16563
0.16688
0.17347
0.18760
0.17256
0.16688
0.23158
0.20706
0.24410
0.23994
0.21887
0.20706
0.22062
0.20693
0.20290
0.22880
0.38553
0.44697
0.42992
0.38711
0.49119
0.40125
0.40895
0.33309
0.46782
0.37270
0.29126
0.39557
0.15632
0.16563
0.15632
0.16441
0.16730
0.16441
0.20215
0.22274
0.21078
0.21025
0.21239
0.21856
0.19286
0.20714
0.20215
0.21740
0.22850
0.41156
0.41663
0.35805
0.41395
0.44812
0.43125
0.46789
0.39513
0.44474
0.52309
0.52166
0.46231
0.56239
0.42408
0.61696
0.64523
0.54002
0.59794
0.60445
0.61147
0.46667
0.63006
0.60844
0.68515
0.56196
0.68256
0.69066
0.56493
0.47581
0.67329
0.47871
0.75347
0.68256
0.58277
0.39861
0.35682
0.42761
0.40597
0.33686
0.36731
0.41630
0.37435
0.06201
0.05750
0.05631
0.06092
0.33488
0.38731
0.42135
0.34221
0.43094
0.34131
0.37982
0.47073
0.38060
0.36539
0.35389
0.20032
0.35968
0.45864
0.34911
0.41488
0.39505
0.36228
0.40724
0.39137
0.36981
0.36568
0.45904
0.35802
0.34025
0.29310
0.31188
0.34883
0.31971
0.29297
0.37490
0.29742
0.41486
0.40781
0.31866
0.36189
0.30925
0.32776
0.35340
0.31618
0.12426
0.11388
0.07886
0.08650
0.11550
0.34348
0.29870
0.31297
0.36899
0.33046
0.36412
0.36776
0.30719
0.34438
0.31932
0.31406
0.30227
0.33799
0.27831
0.32694
0.27831
0.27398
0.26497
0.25114
0.28071
0.28071
0.26497
0.26497
0.26497
0.24306
0.26104
0.26497
0.26767
0.24820
0.26497
0.24306
0.26767
0.26497
0.28071
0.24820
0.26835
0.25114
0.26564
0.26299
0.26299
0.26564
0.27398
0.25114
0.26299
0.29787
0.26497
0.26299
0.26299
0.28071
0.27398
0.26767
0.28071
0.28071
